1000
7 10 2 7 13
7 2 10 8 22
8 1 10 10 11
5 10 6 2 7
5 5 4 3 10
3 5 2 4 8
6 10 3 6 3
7 9 5 10 15
4 9 9 6 17
6 7 9 3 26
8 7 5 6 9
1 1 7 5 19
7 9 2 8 28
10 7 8 9 30
8 7 1 10 24
2 9 7 9 14
1 5 10 3 2
4 1 9 1 3
2 5 9 6 3
2 9 8 5 4
9 3 8 8 5
1 2 5 2 24
4 8 8 1 20
7 1 3 7 8
9 2 4 9 16
7 7 10 2 6
6 10 4 1 4
3 6 1 10 27
10 7 5 7 9
2 9 7 10 5
7 6 5 6 15
6 1 7 2 4
7 3 9 8 25
10 3 2 5 8
2 10 4 10 11
7 6 9 2 14
2 7 4 1 23
5 5 6 9 11
4 6 5 5 12
7 7 6 6 18
10 10 1 2 10
8 7 1 10 5
7 6 9 2 12
9 7 6 7 10
4 9 1 3 5
7 10 7 9 20
4 7 4 4 23
7 10 4 10 29
10 5 1 6 21
2 10 4 5 23
3 3 1 4 12
8 4 1 10 21
5 8 7 6 14
5 1 10 1 29
10 2 1 9 2
9 6 1 7 22
8 2 5 9 13
9 8 7 5 7
9 1 2 4 13
6 10 5 4 21
4 4 2 1 17
9 10 9 2 7
5 6 7 8 4
2 3 5 1 11
3 5 3 3 19
3 4 1 8 3
7 4 3 10 20
9 7 6 3 18
2 2 8 6 15
1 10 3 8 2
4 9 6 5 9
6 8 7 8 5
6 8 1 3 2
9 9 2 4 13
7 8 5 9 10
6 7 3 4 28
8 8 2 10 22
1 6 9 3 8
3 6 10 1 24
10 5 7 8 4
9 10 10 4 21
8 9 2 4 17
4 2 6 9 2
2 9 4 9 18
8 6 10 8 29
9 10 1 9 17
4 2 4 2 22
3 6 9 9 5
4 10 4 7 25
7 10 10 4 6
9 1 3 10 27
7 7 1 4 21
4 6 10 6 23
5 6 6 6 2
4 3 4 6 21
8 9 1 7 28
5 7 1 5 11
9 1 4 6 18
4 4 8 9 7
4 2 2 3 12
5 1 1 4 27
8 2 7 3 20
5 2 4 4 16
3 8 1 5 8
9 6 7 3 22
5 6 4 4 23
4 10 10 7 14
5 9 9 2 18
10 2 2 4 2
1 6 3 9 23
10 8 9 6 5
7 3 1 4 27
2 8 4 10 8
7 2 5 2 9
3 2 2 5 5
4 6 5 10 18
8 6 6 1 23
5 2 5 8 23
2 6 3 6 4
9 1 7 6 29
3 5 7 9 28
10 3 2 7 18
10 6 1 7 3
4 9 10 7 10
8 2 4 7 17
5 7 4 2 17
8 2 6 4 14
10 9 9 4 9
1 7 1 6 3
9 5 3 5 28
8 9 6 1 20
3 8 4 3 2
6 6 8 8 13
7 1 4 1 18
7 7 7 4 15
7 6 5 7 19
5 6 8 2 29
8 10 3 4 27
2 3 2 8 6
1 6 10 8 2
2 10 10 1 17
9 4 8 1 8
6 6 9 5 4
9 10 8 6 8
5 1 5 10 17
5 8 9 6 26
6 1 7 3 19
1 3 8 8 2
9 1 10 8 15
7 5 8 5 28
5 10 9 1 2
1 7 7 8 17
8 4 3 9 3
4 8 9 10 13
9 8 3 1 8
10 5 7 3 27
4 5 10 4 7
8 6 5 3 16
1 1 5 8 15
7 1 2 8 14
6 1 2 4 29
1 10 1 6 4
9 9 2 4 26
9 4 6 8 21
2 6 3 5 19
8 4 8 10 14
3 2 1 1 19
9 6 8 6 6
8 4 5 10 24
8 7 9 7 15
5 10 10 3 25
7 7 5 4 12
5 1 4 9 9
10 5 2 8 12
10 2 8 4 19
10 10 8 7 28
5 9 6 3 14
5 6 8 3 16
7 3 4 1 23
5 6 6 2 13
1 3 10 7 7
5 9 9 4 11
6 4 9 5 4
7 4 7 10 22
3 4 6 4 6
3 9 2 2 29
8 3 1 8 30
3 9 6 9 9
10 2 1 5 3
1 8 4 8 16
8 2 8 3 28
7 3 4 4 3
5 5 10 8 8
6 6 4 4 5
3 4 4 9 10
4 9 2 4 22
4 5 7 4 6
6 9 1 10 8
10 1 10 4 12
6 7 7 10 17
7 8 3 5 6
1 5 7 4 14
10 10 2 2 30
6 4 2 3 4
2 9 1 8 16
2 6 7 8 21
4 10 6 2 15
9 4 9 8 23
3 7 2 5 18
10 10 6 6 21
10 9 3 4 12
9 4 5 7 14
3 4 3 3 4
10 6 7 8 17
3 6 7 10 8
9 7 6 4 29
8 2 3 1 17
2 7 1 7 20
8 2 6 1 29
9 6 9 2 26
9 7 2 8 10
10 10 3 9 13
5 2 2 8 23
7 6 2 2 9
3 1 6 1 23
9 7 7 8 6
1 1 10 7 8
4 6 4 6 29
10 9 10 10 24
5 5 5 4 23
3 4 6 4 9
9 6 8 8 19
9 10 8 5 12
7 1 2 8 6
1 7 2 5 20
4 4 8 7 25
9 6 8 4 8
7 5 5 2 13
10 5 8 5 21
7 8 7 3 3
8 5 7 8 21
1 6 5 1 17
6 1 8 10 11
6 5 7 2 6
7 3 8 10 13
10 7 1 9 15
6 8 5 8 3
2 8 9 1 30
10 9 7 1 29
7 10 5 7 11
2 5 1 4 19
4 7 9 9 21
5 10 9 9 10
7 7 7 6 9
9 8 7 8 22
10 7 7 3 9
5 4 8 6 19
6 1 1 4 8
10 6 3 9 7
1 9 4 2 23
10 1 5 7 23
6 1 8 2 25
8 4 7 4 15
8 6 5 10 12
2 7 2 5 21
1 9 7 6 30
3 8 9 6 30
8 4 7 9 5
4 5 9 2 8
3 2 2 5 3
6 4 10 4 15
2 6 5 7 8
8 2 10 7 4
7 1 3 9 27
1 9 1 3 3
4 8 5 7 5
3 3 1 1 9
10 1 7 5 25
5 7 8 5 26
3 5 1 2 8
9 10 8 6 2
6 2 9 5 25
2 5 8 6 8
5 8 2 4 15
3 5 10 3 10
9 2 6 9 11
3 5 4 7 6
4 4 1 3 28
6 4 8 4 9
7 9 4 6 24
5 5 7 6 9
7 3 10 4 4
3 9 5 9 8
7 2 4 3 9
8 3 1 3 12
7 10 5 5 20
10 9 2 6 6
1 2 9 6 8
10 9 6 7 5
5 3 8 1 19
2 5 9 7 10
10 6 3 1 2
3 5 10 6 16
3 7 6 1 28
5 6 8 2 20
2 10 6 4 12
7 6 10 2 16
1 5 2 1 3
3 3 10 5 28
8 3 1 9 9
7 3 3 1 29
2 7 10 2 6
10 6 3 4 11
3 3 3 5 6
5 3 1 2 28
10 6 3 6 15
3 5 4 3 6
9 2 7 2 10
7 2 3 7 29
6 10 5 8 30
9 1 4 3 24
6 5 8 3 21
5 10 8 8 16
3 4 3 10 14
6 5 9 3 28
4 2 9 10 20
10 8 1 3 13
9 5 8 5 2
10 7 7 5 6
6 10 5 3 17
6 8 2 7 11
4 5 7 2 16
10 3 10 7 27
7 3 6 2 4
1 6 2 6 16
3 10 8 7 7
4 1 10 10 21
9 5 7 5 2
6 4 4 4 10
1 8 5 2 30
7 2 9 9 9
2 6 9 6 26
5 6 7 7 27
4 5 2 3 16
9 6 4 5 13
9 4 5 4 12
5 10 4 8 17
1 7 9 5 16
3 6 2 7 3
9 5 9 3 7
4 4 5 4 18
7 7 8 8 28
2 2 5 9 4
6 9 3 9 16
3 6 10 5 28
3 6 5 10 19
6 4 6 8 24
5 2 7 4 29
2 3 3 9 4
10 8 1 3 24
4 1 4 3 29
10 5 4 3 22
1 1 3 8 10
5 9 4 9 12
10 10 9 8 18
2 4 3 3 12
1 3 7 7 12
8 2 2 5 21
1 3 6 9 18
10 4 5 3 8
10 9 8 5 26
6 10 5 4 12
3 8 3 5 19
8 6 5 6 12
2 4 10 1 26
3 7 2 4 9
2 6 2 2 16
7 2 7 2 26
7 5 9 6 18
6 10 9 1 21
4 8 5 7 19
8 9 8 3 17
4 1 7 4 2
6 4 6 4 4
10 8 9 1 21
10 4 9 3 6
9 4 8 4 7
3 4 4 7 13
6 9 10 9 25
3 10 8 1 16
4 8 6 6 6
7 8 1 6 25
1 9 7 9 26
2 7 6 9 14
2 10 8 5 29
10 5 10 8 21
4 5 9 6 12
4 1 5 4 9
6 1 4 2 10
6 1 8 10 5
4 8 9 1 23
8 7 7 5 12
7 5 7 6 27
4 5 9 9 28
4 4 10 10 12
2 8 7 7 26
2 9 3 9 6
9 7 8 8 15
1 10 6 8 14
1 9 8 10 5
7 9 7 4 16
1 10 1 9 15
10 4 8 2 24
8 7 10 3 29
5 6 4 10 27
5 9 2 10 4
6 7 1 3 13
8 7 10 4 5
1 5 8 10 12
4 3 7 5 13
5 7 4 8 17
5 3 5 6 29
6 6 7 4 11
5 7 2 10 15
8 2 9 7 17
1 10 6 3 20
4 10 1 7 27
7 10 3 7 3
9 2 1 8 4
5 2 10 3 24
5 5 5 9 8
9 3 8 6 13
4 3 3 5 16
6 9 4 9 14
8 7 8 3 14
6 9 10 7 20
1 7 9 10 23
9 6 8 4 20
6 2 5 8 8
3 10 1 2 13
5 2 6 2 2
9 7 2 9 12
6 5 10 3 22
8 5 3 5 3
4 1 10 2 28
3 3 8 4 6
7 10 3 7 11
8 5 8 7 15
3 4 9 2 22
1 6 6 4 24
2 10 5 8 24
9 10 6 9 26
10 6 7 4 16
9 9 3 7 28
9 9 4 2 29
5 2 8 6 8
8 9 1 1 21
10 3 7 2 5
1 3 8 1 3
7 9 8 1 13
5 4 10 4 14
3 2 8 7 3
5 4 5 9 16
5 7 7 4 2
6 10 3 3 30
6 7 8 10 15
6 4 9 1 2
8 5 3 6 7
3 8 9 8 17
7 7 9 10 19
4 5 1 2 24
10 1 2 5 5
8 2 8 8 4
3 2 5 7 23
6 2 9 2 20
2 9 2 7 17
8 4 2 7 5
1 4 2 1 5
7 1 3 6 24
8 4 2 10 25
2 10 6 10 28
8 2 6 9 23
2 5 1 4 7
5 10 7 9 25
3 3 6 2 30
6 5 10 2 26
10 10 1 8 9
5 1 6 8 17
9 1 1 3 16
2 10 9 6 6
2 3 8 10 5
5 9 6 3 23
7 6 4 9 22
8 6 10 1 12
4 6 2 3 24
3 4 2 7 25
9 9 9 3 6
3 1 9 10 27
4 10 2 4 13
10 10 9 5 30
5 8 4 2 23
5 3 9 1 30
3 10 9 9 22
5 2 6 9 14
5 10 7 3 17
10 9 4 2 7
1 9 3 9 18
5 8 10 10 11
6 6 8 1 19
10 6 5 9 12
5 2 3 3 16
9 7 9 9 22
4 1 10 5 10
10 5 9 1 5
1 8 8 6 19
9 6 4 7 19
8 3 2 10 29
9 4 4 9 19
7 4 5 10 17
5 7 4 6 23
10 2 10 9 17
10 10 9 10 8
9 2 7 8 17
3 1 9 7 2
4 4 8 5 26
7 2 7 8 2
1 6 3 5 10
5 8 3 6 5
2 8 4 7 2
9 1 2 3 7
4 8 2 7 12
10 10 8 7 17
2 1 4 10 27
4 7 4 2 18
10 8 2 9 16
2 2 2 5 19
2 2 2 2 30
5 1 10 8 16
2 2 1 5 5
3 2 10 8 10
8 9 1 9 15
8 8 6 6 18
6 9 3 3 2
6 4 5 7 18
2 10 5 3 3
7 8 3 7 19
2 1 6 6 25
1 6 8 9 3
7 2 6 4 22
9 3 1 6 13
10 9 5 6 13
5 1 2 1 13
3 2 6 10 20
7 2 10 4 22
7 1 3 5 24
8 8 9 10 13
9 8 1 5 5
6 8 4 8 19
5 8 10 10 8
7 7 2 7 12
10 7 10 9 15
6 1 1 4 4
10 3 7 6 5
3 4 9 4 15
8 9 10 7 2
2 4 1 9 27
5 7 6 1 22
1 4 3 10 19
4 10 6 6 27
7 2 6 8 19
2 9 5 5 12
3 7 8 3 21
6 9 7 5 22
8 8 10 1 14
4 1 4 1 7
8 1 5 10 27
8 1 1 10 7
10 5 5 3 14
7 2 9 7 10
6 5 10 4 22
10 8 8 6 7
7 9 5 7 15
7 8 3 1 2
7 7 8 3 14
5 10 9 6 17
2 8 10 4 15
2 10 7 2 29
10 4 8 3 10
8 6 2 5 10
7 9 6 1 24
9 3 2 3 18
2 2 8 7 13
2 4 7 6 6
1 8 8 1 4
10 6 9 8 20
1 6 7 8 13
4 10 8 1 9
8 2 3 5 26
7 6 10 7 15
7 3 1 7 28
5 8 7 10 24
3 8 8 9 13
7 3 3 6 28
4 8 8 6 13
4 1 9 1 9
9 8 6 4 21
9 6 2 5 29
1 6 3 4 5
6 5 5 2 10
2 2 1 1 3
1 8 2 10 9
8 5 9 7 9
3 9 4 3 21
10 9 4 5 17
5 9 8 7 26
4 10 9 5 18
8 9 3 2 28
5 3 8 8 15
7 9 6 2 21
9 3 8 7 3
2 8 4 10 30
3 2 7 3 28
10 10 10 1 19
5 3 4 8 3
5 8 10 6 11
10 10 3 1 16
9 7 3 5 8
3 4 6 9 16
3 3 6 4 22
7 5 9 8 9
5 8 2 3 14
6 3 9 2 17
5 10 2 6 14
1 10 3 8 14
3 8 10 3 19
1 2 9 4 23
3 5 3 8 14
5 4 8 4 3
4 4 6 3 6
4 6 3 7 28
4 8 10 3 20
6 2 5 4 16
10 5 6 2 2
2 2 10 4 4
7 3 4 1 24
5 5 7 1 19
8 4 10 8 28
8 3 8 10 10
9 1 9 9 6
3 5 7 10 22
4 3 2 5 16
1 7 2 9 9
8 9 3 4 8
8 3 1 1 25
2 9 2 6 15
4 1 1 10 24
5 6 1 5 5
4 8 6 7 13
6 3 5 6 13
1 10 10 6 3
4 1 1 6 20
4 3 10 3 30
2 8 7 2 14
9 5 1 2 9
3 3 8 1 14
1 4 6 2 28
1 5 9 7 23
10 2 8 8 11
1 3 1 2 16
6 9 1 10 15
10 3 1 6 28
10 3 7 7 25
9 1 3 10 16
4 4 4 5 14
2 1 4 1 9
2 6 6 9 26
1 1 6 5 29
8 9 1 7 25
7 10 1 5 25
6 4 3 3 8
4 3 4 7 28
9 1 1 4 22
3 8 6 6 10
5 3 8 4 19
2 3 4 7 14
4 1 9 3 30
2 3 4 5 23
9 2 6 8 22
7 3 2 2 10
9 4 3 4 3
4 6 2 8 28
6 10 4 2 23
8 6 8 3 25
2 10 10 8 9
5 8 8 6 20
9 10 3 4 17
3 8 8 2 29
3 10 3 3 26
2 7 5 5 7
7 1 7 8 7
5 3 10 10 20
1 6 10 10 5
1 2 1 5 17
9 2 4 5 21
6 2 3 9 17
3 7 4 10 4
10 3 7 1 27
1 5 7 8 4
7 8 5 3 4
6 4 8 5 18
9 10 1 9 23
7 1 2 4 14
6 4 5 4 9
10 4 3 4 16
3 9 5 9 25
5 4 9 1 18
1 5 7 3 8
2 4 5 9 26
10 5 6 2 12
4 3 10 6 19
1 9 9 1 9
8 6 2 5 12
5 8 9 7 28
9 10 9 3 10
9 7 10 5 9
3 1 9 4 3
8 5 7 1 24
1 1 3 4 20
2 2 6 2 8
10 5 2 8 17
8 4 9 7 22
7 1 5 8 13
6 4 1 5 28
6 3 6 2 17
10 4 9 8 18
2 10 7 9 15
2 3 6 10 17
8 5 7 3 25
5 6 6 2 10
9 6 8 6 3
9 3 2 7 14
8 7 3 3 30
3 4 6 4 17
10 4 3 7 6
1 3 10 7 10
9 5 10 4 27
6 10 5 6 25
10 1 6 5 7
4 9 8 5 30
1 6 4 10 17
3 2 10 5 17
3 5 5 9 20
2 6 7 1 23
2 6 6 6 26
3 3 1 7 3
2 2 1 7 2
8 8 1 10 15
3 8 10 6 17
9 2 3 5 7
7 7 5 9 23
6 6 6 4 11
1 2 6 4 11
3 5 9 10 13
7 7 6 8 28
2 5 9 4 27
4 10 5 3 6
2 4 2 7 13
1 4 10 8 23
2 4 5 9 10
7 2 7 6 12
3 1 1 1 11
10 1 9 8 6
9 8 6 3 24
9 6 4 2 8
7 10 5 8 7
5 1 10 3 5
5 3 4 9 28
9 2 4 10 24
2 7 8 2 28
10 9 5 1 16
6 1 2 5 5
2 10 6 6 14
3 7 8 9 8
10 6 1 9 9
6 3 3 1 17
5 1 7 10 22
7 1 4 10 3
2 5 1 2 24
6 4 9 10 25
9 10 10 4 25
9 3 5 4 24
7 10 4 9 24
7 7 3 5 10
1 6 2 10 14
10 8 2 2 6
6 1 7 4 28
1 6 8 6 21
9 5 6 2 3
7 2 5 8 18
2 10 2 3 11
8 6 3 1 25
6 5 2 5 30
1 8 3 4 9
6 3 4 5 8
2 7 2 6 3
8 10 1 2 13
2 7 10 7 19
3 2 2 5 16
3 10 9 2 27
3 4 6 3 11
2 8 4 5 6
8 1 10 9 22
5 8 9 3 15
4 6 6 1 12
3 10 9 3 2
2 10 4 9 30
3 6 2 5 7
6 2 5 5 18
5 10 5 4 18
3 3 5 4 9
6 6 2 4 16
6 5 4 3 22
7 1 10 6 19
6 8 6 1 7
2 7 10 2 17
6 9 8 1 12
8 10 10 9 15
9 1 7 7 26
3 1 7 7 22
6 5 3 1 17
5 7 2 4 22
1 8 6 4 26
6 6 9 10 5
8 1 4 1 12
4 7 5 10 16
7 9 8 10 30
1 2 3 1 10
7 7 2 7 9
4 3 1 3 2
7 9 8 5 29
10 9 2 10 8
7 1 2 5 15
10 7 8 9 3
4 5 4 4 19
9 6 1 3 30
6 4 1 10 21
6 3 2 6 18
8 7 6 8 5
8 3 10 10 7
1 4 6 7 14
9 7 1 7 29
2 3 5 4 2
8 9 9 6 12
4 7 3 6 18
10 3 9 6 2
2 5 1 10 17
8 3 10 7 3
9 4 2 1 5
7 2 4 10 2
3 10 3 9 2
9 8 10 3 20
10 7 7 5 20
3 1 4 8 3
9 4 8 10 11
3 1 5 7 10
3 1 1 2 25
7 8 4 8 29
9 5 10 9 26
5 3 7 4 9
3 1 10 3 4
9 5 2 6 19
5 2 10 3 15
1 10 5 6 29
1 10 4 10 12
7 8 8 8 20
6 2 9 5 7
1 10 3 7 25
2 9 3 5 21
6 9 3 1 30
1 9 7 4 6
6 10 4 8 19
5 8 5 10 11
9 7 7 1 23
5 10 9 7 9
8 2 1 10 9
9 9 2 9 7
10 5 3 5 20
3 5 4 1 27
8 10 7 8 27
3 2 7 4 17
9 4 3 3 24
10 4 1 6 12
3 1 6 2 22
9 9 9 10 17
3 2 2 9 25
2 5 2 8 13
3 3 10 9 21
2 2 5 2 11
10 9 10 6 28
3 5 5 5 29
1 7 3 9 21
1 5 4 8 14
9 8 10 10 3
7 4 8 5 24
9 1 7 6 19
7 1 8 8 2
10 4 7 8 3
10 6 10 7 24
5 8 1 10 30
7 4 6 9 13
8 4 8 3 30
5 2 1 9 3
9 9 4 2 30
2 1 8 3 8
2 3 9 2 16
4 9 3 4 2
4 9 3 6 14
10 5 2 6 27
2 7 3 3 18
10 7 6 2 26
6 10 3 8 21
8 8 2 2 18
9 6 10 5 18
3 2 1 4 2
7 4 2 3 9
3 9 10 4 12
6 10 5 4 29
8 7 2 8 7
5 4 4 4 24
6 10 9 9 9
2 10 8 3 22
7 2 3 10 28
1 3 5 9 6
3 9 8 3 11
10 9 9 9 10
10 6 4 7 20
4 5 2 7 29
10 8 5 5 28
10 2 3 5 29
8 7 4 3 23
3 1 5 5 7
4 9 6 6 15
2 1 3 6 18
10 1 4 1 11
7 1 8 8 19
8 7 6 9 7
9 1 6 5 4
10 10 6 3 7
7 10 2 8 2
3 7 3 7 23
5 2 10 5 28
5 6 10 10 13
2 4 9 6 10
7 7 9 4 3
6 5 9 1 13
5 2 6 10 28
4 8 8 1 30
1 8 10 2 6
2 6 7 6 21
9 1 10 9 16
5 8 7 6 3
4 7 3 10 29
4 1 2 5 26
5 5 4 5 30
9 7 6 4 5
4 3 5 1 16
4 1 5 6 4
9 1 5 3 24
7 4 3 4 30
6 1 6 9 29
10 10 2 4 22
4 10 8 8 12
9 10 5 6 22
4 6 1 2 28
6 7 8 7 6
1 3 4 6 18
3 1 9 5 28
6 6 4 5 6
2 8 2 10 30
1 5 1 1 29
1 4 9 7 18
8 6 7 4 10
1 10 4 7 21
10 10 5 4 6
8 4 10 7 16
1 8 5 3 30
5 8 1 8 16
7 10 10 7 11
8 4 5 3 22
4 7 4 5 10
10 3 5 4 22
5 6 8 3 11
8 7 10 7 5
7 10 5 3 4
8 1 9 5 29
2 3 10 3 19
6 4 7 10 4
6 5 10 2 3
10 3 4 2 30
9 6 7 1 29
