9
9
9
15
4
1
10
2
13
13
15
2
1
17
3
9
6
5
7
11
12
3
0
8
3
8
2
9
17
11
7
7
7
5
12
13
9
10
10
2
0
10
7
16
7
17
11
17
4
7
3
6
9
6
2
1
10
8
10
6
8
19
11
2
8
4
7
1
4
11
13
14
8
18
9
5
4
7
3
15
19
17
6
3
14
10
6
9
2
17
1
5
10
11
7
3
3
6
8
1
6
6
3
7
9
11
4
1
2
7
18
10
8
6
3
10
6
3
8
10
8
4
7
9
10
12
7
9
8
6
7
11
12
8
5
4
11
3
5
7
4
4
12
10
6
13
7
4
10
7
5
8
4
12
1
5
9
2
2
1
7
11
1
13
8
12
5
9
12
15
3
8
5
0
12
12
14
7
2
11
1
14
10
11
4
12
2
3
3
1
10
10
5
12
7
0
9
15
11
1
9
6
5
4
3
8
14
13
10
20
2
9
7
16
9
16
3
9
10
9
2
20
7
13
4
16
2
10
19
5
7
15
19
2
4
8
0
7
0
7
7
7
7
8
10
10
14
10
3
17
7
11
15
14
5
11
9
2
16
10
11
7
6
14
9
5
2
12
5
5
10
8
10
1
1
8
6
11
4
3
19
8
5
13
5
11
8
8
10
2
10
7
12
9
3
1
1
3
19
3
7
10
2
10
3
1
5
1
6
8
10
3
7
4
8
1
4
11
2
10
4
11
1
7
11
4
4
14
17
6
5
3
4
8
7
3
5
14
10
9
0
8
11
3
3
10
15
8
9
14
0
14
4
15
9
9
3
2
5
4
5
3
2
11
10
2
4
1
2
6
3
7
6
8
6
10
0
9
3
1
0
5
5
6
8
10
13
7
15
2
0
5
10
9
12
15
5
3
4
7
5
1
4
9
8
10
9
16
9
10
8
11
2
5
11
10
1
15
6
7
12
8
0
12
10
11
14
10
3
7
10
12
3
15
6
9
8
2
6
5
5
10
6
5
5
6
17
3
3
1
3
19
12
2
18
2
17
13
1
10
1
5
9
12
6
13
6
13
5
0
9
10
10
5
2
11
12
1
1
12
12
10
7
0
6
6
0
6
10
2
5
14
4
5
1
2
10
1
14
14
13
2
13
7
9
19
2
13
2
16
7
16
1
10
9
3
11
13
11
12
12
20
11
4
0
9
1
13
10
7
12
20
3
3
10
4
4
6
2
2
10
1
15
10
2
10
3
7
1
1
19
6
3
9
8
16
4
14
13
8
17
2
13
7
17
3
5
5
14
9
11
3
3
6
5
9
2
11
9
7
18
10
7
5
15
10
12
14
3
3
3
4
2
1
16
7
6
2
13
0
7
11
10
12
1
17
5
7
0
1
9
5
5
7
14
10
5
8
16
12
4
5
10
8
13
4
2
7
2
5
2
9
0
11
3
3
5
9
0
6
8
8
10
2
4
3
0
8
10
8
2
1
9
11
11
5
0
4
9
11
5
4
1
1
6
5
3
12
4
9
0
13
7
2
0
8
2
3
3
10
7
10
11
8
3
1
0
8
0
4
0
16
4
12
1
4
11
13
9
1
0
7
3
1
8
7
13
6
15
4
12
1
2
4
12
5
6
6
3
7
0
2
5
19
16
4
7
2
0
15
12
6
10
9
4
12
5
13
2
15
3
5
7
4
3
14
11
11
7
7
5
8
8
8
3
2
10
11
11
5
12
3
8
2
7
4
6
5
4
7
4
11
1
0
17
6
8
2
1
3
6
12
7
1
2
6
8
7
10
19
2
11
8
7
0
3
7
14
3
4
3
2
9
3
9
1
9
0
3
7
10
9
1
1
13
12
3
8
7
0
1
5
8
2
9
5
18
10
4
2
4
3
12
3
11
7
3
0
3
8
11
2
17
9
15
4
2
15
11
1
0
5
9
0
13
7
11
1
9
13
9
13
4
13
2
4
15
14
8
4
14
7
6
11
15
8
11
6
15
10
16
13
1
10
10
18
3
8
18
5
5
5
4
18
5
7
6
4
7
8
5
6
17
5
10
8
14
7
7
11
2
4
6
1
5
13
13
15
3
5
16
7
15
3
3
3
3
15
3
0
8
2
4
6
19
6
2
18
3
2
4
13
3
11
8
15
10
20
10
5
7
11
6
14
6
3
3
3
8
10
13
6
5
3
16
3
5
10
2
7
4
14
3
10
13
1
4
12
4
6
5
14
2
20
12
9
5
17
6
5
8
1
15
17
9
1
10
11
4
5
