  1:   1   x
  2:   1   x
  3:   1   2   x
  4:   1   2   5   x
  5:   1   2   4   x
  6:   1   2   3   6   x
  7:   1   2   3   5  13   x
  8:   1   2   3   5   9   x
  9:   1   2   3   5   7  21   x
 10:   1   2   3   4   6  11   x
 11:   1   2   3   4   6  10   x
 12:   1   2   3   4   6   9  19   x
 13:   1   2   3   4   6   8  14   x
 14:   1   2   3   4   6   8  12  35   x
 15:   1   2   3   4   5   7  10  19   x
 16:   1   2   3   4   5   7  10  16   x
 17:   1   2   3   4   5   7   9  14  36   x
 18:   1   2   3   4   5   7   9  13  25   x
 19:   1   2   3   4   5   7   9  12  20   x
 20:   1   2   3   4   5   7   8  11  17  47   x
 21:   1   2   3   4   5   6   8  10  15  29   x
 22:   1   2   3   4   5   6   8  10  14  24   x
 23:   1   2   3   4   5   6   8  10  14  21  81   x
 24:   1   2   3   4   5   6   8  10  13  20  45   x
 25:   1   2   3   4   5   6   8   9  12  17  32   x
 26:   1   2   3   4   5   6   8   9  12  16  27   x
 27:   1   2   3   4   5   6   8   9  11  15  23  59   x
 28:   1   2   3   4   5   6   7   9  11  14  21  41   x
 29:   1   2   3   4   5   6   7   9  11  14  20  35   x
 30:   1   2   3   4   5   6   7   9  11  13  18  30   x
 31:   1   2   3   4   5   6   7   9  10  13  17  27  66   x
 32:   1   2   3   4   5   6   7   9  10  13  17  25  50   x
 33:   1   2   3   4   5   6   7   9  10  12  16  23  40   x
 34:   1   2   3   4   5   6   7   9  10  12  16  21  35   x
 35:   1   2   3   4   5   6   7   9  10  12  15  20  31  85   x
 36:   1   2   3   4   5   6   7   8  10  12  14  19  28  55   x
 37:   1   2   3   4   5   6   7   8  10  12  14  18  26  47   x
 38:   1   2   3   4   5   6   7   8  10  11  14  18  24  40   x
 39:   1   2   3   4   5   6   7   8  10  11  14  17  23  36 118   x
 40:   1   2   3   4   5   6   7   8  10  11  13  17  22  33  75   x
 41:   1   2   3   4   5   6   7   8  10  11  13  16  21  31  59   x
 42:   1   2   3   4   5   6   7   8  10  11  13  16  20  29  49   x
 43:   1   2   3   4   5   6   7   8  10  11  13  16  20  27  44   x
 44:   1   2   3   4   5   6   7   8  10  11  13  15  19  26  39 107   x
 45:   1   2   3   4   5   6   7   8   9  11  12  15  18  24  35  71   x
 46:   1   2   3   4   5   6   7   8   9  11  12  15  18  23  33  60   x
 47:   1   2   3   4   5   6   7   8   9  11  12  15  18  22  31  53   x
 48:   1   2   3   4   5   6   7   8   9  11  12  14  17  22  30  48   x
 49:   1   2   3   4   5   6   7   8   9  11  12  14  17  21  28  43 110   x
 50:   1   2   3   4   5   6   7   8   9  11  12  14  17  21  27  40  86   x
 51:   1   2   3   4   5   6   7   8   9  11  12  14  17  20  26  38  71   x
 52:   1   2   3   4   5   6   7   8   9  11  12  14  16  20  25  35  61   x
 53:   1   2   3   4   5   6   7   8   9  11  12  14  16  19  24  33  54   x
 54:   1   2   3   4   5   6   7   8   9  11  12  14  16  19  24  32  49 135   x
 55:   1   2   3   4   5   6   7   8   9  10  12  13  15  18  23  30  44  90   x
 56:   1   2   3   4   5   6   7   8   9  10  12  13  15  18  22  29  41  77   x
 57:   1   2   3   4   5   6   7   8   9  10  12  13  15  18  22  28  39  67   x
 58:   1   2   3   4   5   6   7   8   9  10  12  13  15  18  21  27  37  61   x
 59:   1   2   3   4   5   6   7   8   9  10  12  13  15  18  21  26  36  56 192   x
 60:   1   2   3   4   5   6   7   8   9  10  12  13  15  17  21  26  34  51 121   x
 61:   1   2   3   4   5   6   7   8   9  10  12  13  15  17  20  25  33  48  95   x
 62:   1   2   3   4   5   6   7   8   9  10  12  13  15  17  20  25  32  45  84   x
 63:   1   2   3   4   5   6   7   8   9  10  12  13  15  17  20  24  31  43  72   x
 64:   1   2   3   4   5   6   7   8   9  10  12  13  14  17  19  23  29  40  64   x
 65:   1   2   3   4   5   6   7   8   9  10  12  13  14  16  19  23  29  38  58 158   x
 66:   1   2   3   4   5   6   7   8   9  10  11  13  14  16  19  22  28  36  54 115   x
 67:   1   2   3   4   5   6   7   8   9  10  11  13  14  16  19  22  27  35  51  97   x
 68:   1   2   3   4   5   6   7   8   9  10  11  13  14  16  18  22  27  34  48  85   x
 69:   1   2   3   4   5   6   7   8   9  10  11  13  14  16  18  21  26  33  45  75   x
 70:   1   2   3   4   5   6   7   8   9  10  11  13  14  16  18  21  26  32  44  70   x
 71:   1   2   3   4   5   6   7   8   9  10  11  13  14  16  18  21  25  31  42  65 183   x
 72:   1   2   3   4   5   6   7   8   9  10  11  13  14  16  18  21  25  31  41  61 138   x
 73:   1   2   3   4   5   6   7   8   9  10  11  13  14  16  18  21  24  30  39  56 111   x
 74:   1   2   3   4   5   6   7   8   9  10  11  13  14  16  18  20  24  29  38  53  96   x
 75:   1   2   3   4   5   6   7   8   9  10  11  13  14  15  17  20  23  28  36  50  83   x
 76:   1   2   3   4   5   6   7   8   9  10  11  13  14  15  17  20  23  28  35  48  77   x
 77:   1   2   3   4   5   6   7   8   9  10  11  13  14  15  17  20  23  27  34  46  70 197   x        
 78:   1   2   3   4   5   6   7   8   9  10  11  12  14  15  17  19  22  27  33  43  64 140   x        
 79:   1   2   3   4   5   6   7   8   9  10  11  12  14  15  17  19  22  26  32  42  61 120   x        
 80:   1   2   3   4   5   6   7   8   9  10  11  12  14  15  17  19  22  26  32  41  58 106   x        
 81:   1   2   3   4   5   6   7   8   9  10  11  12  14  15  17  19  22  26  31  40  55  95   x        
 82:   1   2   3   4   5   6   7   8   9  10  11  12  14  15  17  19  22  25  31  39  53  87   x        
 83:   1   2   3   4   5   6   7   8   9  10  11  12  14  15  17  19  21  25  30  38  51  79 277   x    
 84:   1   2   3   4   5   6   7   8   9  10  11  12  14  15  17  19  21  25  30  37  49  74 190   x    
 85:   1   2   3   4   5   6   7   8   9  10  11  12  14  15  17  19  21  24  29  36  47  69 145   x    
 86:   1   2   3   4   5   6   7   8   9  10  11  12  14  15  16  18  21  24  28  35  45  65 123   x    
 87:   1   2   3   4   5   6   7   8   9  10  11  12  14  15  16  18  21  24  28  34  44  62 109   x    
 88:   1   2   3   4   5   6   7   8   9  10  11  12  14  15  16  18  21  24  28  33  42  58  97   x    
 89:   1   2   3   4   5   6   7   8   9  10  11  12  14  15  16  18  20  23  27  33  41  56  89   x    
 90:   1   2   3   4   5   6   7   8   9  10  11  12  14  15  16  18  20  23  27  32  40  54  83 241   x
 91:   1   2   3   4   5   6   7   8   9  10  11  12  13  15  16  18  20  23  26  31  39  51  76 171   x
 92:   1   2   3   4   5   6   7   8   9  10  11  12  13  15  16  18  20  23  26  31  38  50  73 148   x
 93:   1   2   3   4   5   6   7   8   9  10  11  12  13  15  16  18  20  22  26  31  37  48  69 127   x
 94:   1   2   3   4   5   6   7   8   9  10  11  12  13  15  16  18  20  22  26  30  37  47  66 116   x
 95:   1   2   3   4   5   6   7   8   9  10  11  12  13  15  16  18  20  22  25  30  36  46  63 104   x
 96:   1   2   3   4   5   6   7   8   9  10  11  12  13  15  16  18  20  22  25  29  35  44  60  96   x
 97:   1   2   3   4   5   6   7   8   9  10  11  12  13  15  16  18  19  22  25  29  35  43  58  89 253   x
 98:   1   2   3   4   5   6   7   8   9  10  11  12  13  15  16  17  19  22  25  29  34  42  56  84 194   x
 99:   1   2   3   4   5   6   7   8   9  10  11  12  13  15  16  17  19  22  24  28  33  41  53  78 155   x
100:   1   2   3   4   5   6   7   8   9  10  11  12  13  15  16  17  19  21  24  28  33  40  52  74 139   x