150 149 116 148
0 1
1 2
1 3
1 4
1 5
4 6
1 7
4 8
8 9
3 10
10 11
3 12
9 13
11 14
6 15
2 16
16 17
6 18
17 19
0 20
8 21
0 22
13 23
5 24
8 25
5 26
2 27
3 28
27 29
10 30
16 31
17 32
18 33
29 34
30 35
6 36
1 37
4 38
23 39
29 40
23 41
17 42
17 43
9 44
9 45
41 46
37 47
47 48
30 49
46 50
1 51
34 52
6 53
32 54
36 55
30 56
49 57
9 58
9 59
32 60
0 61
11 62
12 63
45 64
53 65
41 66
64 67
28 68
29 69
29 70
61 71
66 72
51 73
16 74
60 75
22 76
31 77
71 78
11 79
19 80
64 81
41 82
76 83
28 84
59 85
16 86
58 87
15 88
58 89
21 90
33 91
73 92
44 93
74 94
75 95
17 96
21 97
38 98
39 99
55 100
71 101
51 102
24 103
57 104
50 105
41 106
84 107
65 108
47 109
33 110
50 111
48 112
112 113
94 114
58 115
61 116
102 117
47 118
43 119
98 120
71 121
104 122
47 123
24 124
64 125
119 126
83 127
2 128
36 129
27 130
45 131
127 132
116 133
34 134
46 135
9 136
103 137
65 138
14 139
82 140
82 141
88 142
45 143
123 144
51 145
85 146
76 147
136 148
92 149
