90
343629357118037949 4679451420204756 472610987596264192
462792662510415488 127936207661020066 361379784727679388
250 180 8
205561667385181119 120145170122748288 15157895919535350
650741289190765900 584935419091047174 8077451659288947
446575340883013577 102440853569408994 700169277227689254
306144589086371610 20974525130306495 266425279757945308
302620129558596900 195687843452950264 99272987829424991
565018701983723768 360418408183392000 4366810555258042
250 180 7
356785612347205260 24491933679921605 211160526969766920
114260432136529880 27971777514809210 185533793830462880
1000000000000000000 123456789123456789 987654321987654321
278021243259829440 257979971062493400 463911998354142588
335409455984614092 238039378554736460 787799729458091823
633017514829209001 103027084569292692 671453054252717880
391279766533881459 247399985435506989 183354041923547386
250 180 5
648431762988169215 404465766467323860 68540020564700473
617678570881956600 212032392524324568 323815526341700184
716549248506563361 187631808111218376 384016666328928
72106149636160675 69504745510204970 270634237692886828
493365223605973264 450528798042911455 737695165889638656
444475521822017811 265589661176949173 29406091665712336
183794891922546792 11452403025307152 90439872758023413
153921450095618896 109904247944577162 62860720914180000
616740931928871920 13551599020239 120993049628257312
465039304799792912 338791582003528386 64194675421129764
576019184748162782 202181510430906787 594003868206536466
603801865643617662 42497323487076815 56149370458221225
347974083229123098 320673186665600320 99451952277727232
329844421563242300 272168307499812438 699224428584740420
590293694070288075 93785113464380310 156743395662723631
817792675546437960 138964541283841284 111105545806462425
201 200 1
98666454349872745 23148379857762494 76724890440754608
268730947250374810 30969612486836015 220370769158820148
250 180 4
250 180 0
231673860243175672 96175474973701252 5143128828275680
111157341370415298 9994578135350578 145626330681856224
55734636628018368 6207489829159770 68214428663472
614064507855957868 200029622849481743 25936201506490860
214940384476010862 10703018569558194 72638084380358484
200109538285010289 49363744160568300 240706982980573720
136954494940961280 73093304696359080 206252361653160357
77665544332211 11223344556677 0
250 180 3
432557330144274720 409345639517845192 165446898272607852
250 180 2
383559415311140402 166843837396756350 675006289322640220
132446667731459565 11191094227443300 530420845402911780
83716485936440 64528193749358 1938563682
706222746519015248 421041598191873960 279578077765942530
675198952120020504 12693828525390824 98003652468530252
307303802051531208 180226421431142088 399411778562072040
90673193592484380 46831348518596952 267909103250045284
367170830405506664 1968088193377358 405256744559600516
797158923275936525 373979683273376832 94404445405750808
388408355958253464 9980799393476562 372157957394749782
470099553951860868 147679126437803736 192062758511508744
695762976748571460 264452967363670360 150838813689150244
143288033368674420 1041019406976861 354089523757810680
408177997100500200 401595501136817280 294155213762357145
455910286617884786 167459099031375530 208782463683555650
66167333428448560 15799451508235460 498512251858397474
664046928481103390 46852229707078054 45637728648698087
765389065575425400 201438683288972364 8528746013854698
343033763200378432 34463824966815376 53557503230635933
926774598942415488 24846209495116100 873924375092446216
185 183 2
214583770295363106 69229185582086495 289202872636535760
189225499158751013 180564607640781792 460232581720028364
238640361667971885 118481167285190344 663165378309285786
495990428810520676 18885738079286169 78234271707244663
250 180 1
587022330332506710 75527760649129130 175312778407609856
426193744388488444 94532054603213952 474070809732471360
75300826847265690 8261518418721672 373297028391454862
656966125271652759 115845025123221248 3257725387356363
250 180 6
197186856612110640 185086778934784610 49950188738000796
300649489393177782 73581813337728000 464684001023867490
368343935072019540 267318102809965548 163924717898605739
419207806048124808 9477696772386600 411092707308474780
253462616584961972 10567931421935888 267775867591040718
120037259506978800 13297862015874150 382324722059839046
45065654823849248 22145763358690334 171176646724423875
245228252012425644 70152821095283836 108951133082862820
497037550136922775 9406677436513318 428375797174706144
