1000 1000
302 496 700 789 538980
226 377 876 964 981533
130 200 213 280 399325
47 761 895 961 -935337
84 435 577 984 -9460
160 367 600 948 899602
183 269 780 831 -56333
120 228 750 987 716783
99 237 483 708 -986007
48 251 827 998 354215
41 272 725 871 611386
3 5 110 158 -228727
12 45 565 861 175473
333 515 806 997 629393
219 247 493 620 566302
597 701 937 945 -23287
81 386 521 940 -603974
89 410 648 866 -631575
715 732 793 858 -447705
66 168 578 845 -373602
235 595 975 978 -127073
244 637 993 998 -573312
624 823 926 940 481974
24 778 917 974 -85440
151 179 392 498 -677106
126 872 992 994 -810662
149 516 732 808 353823
413 536 726 893 138152
477 598 915 981 -913621
95 190 491 636 -903503
26 89 837 945 -842341
23 28 587 954 -948476
31 45 103 145 156245
409 832 989 989 -90795
1 6 256 446 972974
388 579 742 824 -582671
430 459 742 743 -142703
1 3 324 373 983611
78 280 846 965 -741987
219 380 521 898 -139688
71 172 541 838 829454
71 117 211 765 -38725
157 273 965 966 -330776
267 500 575 725 -623577
62 79 617 981 171016
131 194 294 906 766537
487 490 859 927 -342957
370 848 996 998 -355988
223 616 978 987 -802322
38 61 152 206 688745
392 419 903 922 23280
41 149 466 649 916851
222 259 692 884 221649
190 394 901 908 -305960
118 170 601 728 -525058
26 44 260 937 -804847
521 553 693 753 -940475
376 479 686 935 351967
15 202 804 934 -772544
90 106 403 529 467174
3 12 414 528 -171398
35 95 561 969 -442319
106 121 925 958 -35340
29 344 614 659 -584198
198 223 625 993 203919
1 158 372 515 744769
215 303 457 691 293644
23 269 557 718 -694182
94 97 317 795 214128
345 815 985 997 711671
99 441 513 990 -455151
27 61 344 367 -548750
33 449 516 731 779614
237 522 900 971 -854812
342 466 927 963 641252
39 83 334 795 -685533
411 622 735 741 -205029
29 32 383 612 -420243
66 73 145 790 966447
504 663 706 786 -448144
426 563 689 982 -999404
421 738 771 825 -53308
192 595 734 905 -516781
87 153 606 642 118501
41 662 965 996 -14511
27 473 586 672 392195
109 299 796 895 257817
101 147 248 861 -249251
406 431 787 922 -411731
84 166 935 951 393488
192 196 367 571 -661955
40 556 730 949 -502679
59 352 878 954 -454921
32 36 319 752 -100345
7 351 930 1000 432835
144 189 562 767 -935614
602 637 905 975 -497759
279 694 877 913 602139
112 193 583 715 345749
298 597 854 939 752251
37 126 271 774 -562093
129 187 443 551 776151
69 144 966 975 -39012
4 33 725 905 -851798
112 132 520 964 57319
196 311 681 823 -397058
18 153 383 969 -637111
99 159 303 422 -999731
88 306 769 882 -652142
192 277 861 956 -576909
382 542 695 936 -436918
74 173 197 972 -889480
76 411 661 678 263859
28 148 403 826 322137
525 557 629 906 -820458
50 543 860 896 -35878
672 796 881 935 372484
25 50 148 945 -309503
21 106 124 899 572807
429 664 911 962 -64175
22 745 992 992 602658
67 328 796 966 -945816
93 131 579 974 124435
327 356 590 646 858155
320 503 886 894 -855841
17 18 648 831 136187
1 1 139 324 675525
618 677 927 999 -119535
177 216 599 747 181819
429 826 986 990 418461
180 230 534 673 430593
1 5 425 745 -782498
106 391 881 912 -330366
88 91 431 578 500758
27 52 362 581 -874342
55 72 585 960 129199
1 2 939 981 396945
20 418 750 930 289543
505 774 966 981 441697
168 204 764 926 627192
150 505 927 971 858384
250 383 495 596 31585
442 722 926 956 758343
22 80 717 885 -814300
4 33 373 790 -808081
109 354 964 972 370205
44 56 184 257 382503
134 328 573 632 330140
28 137 867 957 575773
273 365 758 856 -796207
288 392 645 849 575029
268 298 549 907 -781956
5 19 236 494 -828461
71 170 729 923 -123539
479 684 908 932 -952618
183 361 485 879 344918
206 294 659 781 -964162
36 66 547 885 -796291
331 522 611 766 285717
7 9 239 346 826259
507 714 751 841 214337
281 953 988 991 -285115
68 220 445 968 763442
48 161 748 862 -572599
477 582 908 966 -325859
176 332 609 916 680057
5 13 351 484 -1002
56 717 962 997 894917
94 182 808 864 52827
132 747 936 986 -882428
98 850 990 995 -348888
31 205 534 863 -311340
71 186 769 887 751725
70 629 995 1000 449862
81 114 726 902 -314959
25 33 166 265 845810
162 429 708 853 255919
49 86 869 946 723850
617 751 975 987 -659455
40 352 857 864 -723931
30 37 633 645 501133
458 733 750 946 756302
537 705 978 1000 -138234
143 161 589 774 433539
26 76 372 706 955743
15 119 466 991 295650
17 23 517 997 -965425
129 144 315 339 485817
504 869 967 972 978894
535 598 959 970 26928
5 49 360 469 -713377
254 412 864 931 -688265
57 122 494 791 -41650
113 254 829 925 311632
144 284 769 923 644961
201 379 478 755 517725
83 114 374 522 -765916
74 139 365 594 -509671
255 867 955 962 881754
345 475 567 820 -53903
230 233 338 754 523500
138 310 711 953 690109
49 154 643 880 966978
172 317 482 539 -506466
124 128 550 972 283017
65 82 665 923 667306
86 256 404 867 -49450
47 74 495 818 -50548
223 658 698 950 103272
35 144 537 708 -654441
129 154 400 519 -435160
405 910 998 999 248515
170 730 919 964 -78350
17 59 653 943 -413127
84 126 818 999 624228
71 583 873 917 -869999
62 451 564 609 645723
153 856 922 991 -999020
41 196 501 947 521826
225 238 545 610 706566
36 562 876 934 137343
82 408 628 916 692212
13 54 897 919 741247
135 715 906 980 -487402
344 761 833 969 -672186
63 314 928 928 -725031
42 195 394 956 -80103
17 63 252 840 -214195
96 352 890 931 -170540
38 377 465 944 -417356
76 160 865 945 -796442
123 175 357 801 -462485
26 42 171 621 -677785
18 42 418 922 701387
7 13 132 362 -709407
1 8 666 844 829955
1 4 41 88 -708027
73 509 535 737 374306
2 6 529 730 196605
225 430 697 732 94124
557 612 986 996 -778184
1 243 823 991 -944317
390 457 761 918 -388831
319 475 643 889 109361
358 674 881 916 600259
12 110 177 221 843239
481 733 929 998 881448
69 390 908 960 -972295
191 513 768 957 40733
141 330 465 574 -350413
348 626 771 771 899003
70 159 319 666 137759
48 584 915 990 140848
186 315 796 892 -797894
415 491 901 928 978903
121 324 807 977 -443032
1 10 513 600 588253
151 271 467 927 -174599
11 36 380 691 -756443
171 184 635 703 -232612
599 641 940 998 237010
69 70 234 891 -415692
175 268 412 557 222764
133 413 930 988 -736254
56 171 216 569 -17423
86 633 878 933 -810146
184 370 766 934 -686279
129 526 717 839 27906
9 519 709 841 367269
5 9 15 820 151605
46 395 828 837 317892
159 661 931 947 500032
82 470 986 994 869796
37 83 213 338 506017
508 766 989 996 509343
196 299 665 705 398445
78 89 176 760 -423721
4 54 166 928 -517012
11 19 351 419 858749
38 138 364 556 392463
579 627 710 793 368651
264 392 767 999 -401276
92 100 762 842 -996068
20 48 454 899 258914
19 31 361 961 651347
90 299 399 643 -209599
81 232 909 997 -708601
105 492 700 758 497026
28 534 958 974 -78862
252 384 605 662 -582760
339 671 938 966 359318
61 297 342 368 -533413
192 307 831 906 787284
93 241 682 991 -324017
59 358 696 755 -944406
231 281 807 958 645585
129 326 998 999 -560362
49 227 442 608 -901550
240 317 658 811 92587
266 421 954 954 -207762
576 632 983 988 -979151
39 637 980 993 440535
269 540 758 815 828992
50 53 189 370 106268
247 453 524 774 805325
592 768 979 996 480134
141 610 960 970 -495802
92 268 543 555 875168
74 801 974 994 620083
217 591 912 972 -690807
2 29 171 522 -737726
29 196 422 503 104737
109 192 734 852 -261731
168 296 516 549 492713
85 211 309 889 -194877
4 6 56 413 -863646
377 491 672 738 383410
119 467 937 1000 397798
130 444 991 1000 -372714
62 316 437 899 -202929
271 463 809 898 508869
355 894 973 996 670910
45 80 222 722 723446
33 129 360 958 844588
190 639 696 899 544336
375 423 907 907 638404
23 173 595 644 -76726
49 514 898 974 -234355
130 159 646 766 888970
31 380 669 782 29991
269 434 690 804 -760425
49 127 410 704 200871
81 91 537 806 -61021
16 285 713 765 -246594
264 435 704 745 364616
36 229 656 830 19366
11 29 38 547 630139
48 196 332 939 384720
309 470 692 986 247862
529 577 845 909 -750604
112 833 996 1000 -268922
31 33 639 821 856111
247 252 520 565 -272270
114 158 236 719 119039
168 638 815 962 -491629
95 205 832 903 565652
3 291 722 918 823193
384 500 982 991 -327068
17 21 284 574 418478
153 321 727 950 792927
79 135 730 891 425177
206 219 624 922 -263640
260 531 975 979 -692367
2 43 109 393 -676713
35 40 334 642 -97213
104 159 606 728 -717989
25 191 917 922 21962
103 132 871 921 -822577
225 733 850 877 -232956
65 66 732 957 -524779
84 210 946 995 870397
47 198 797 888 549057
15 22 439 844 712483
140 456 590 735 -189221
63 121 400 554 -788176
204 817 998 999 -364541
12 29 376 486 227184
46 86 968 983 254655
608 633 834 854 849561
68 124 394 532 698842
806 859 921 962 245976
17 286 861 949 -187818
95 305 604 635 691002
179 207 762 898 -187140
16 724 906 999 -119727
182 498 999 999 940018
4 64 98 447 909902
1 37 279 792 -515423
251 669 919 981 -752411
420 612 847 917 864240
260 343 785 920 432869
11 54 307 922 -79946
24 372 676 681 981097
252 811 874 887 -652572
42 167 637 990 263543
367 550 959 964 -614262
46 406 898 932 820948
195 354 776 827 375347
257 785 971 972 -542850
134 135 752 831 -316306
64 139 260 873 135256
55 75 406 771 -649871
162 486 766 968 -58403
155 385 572 584 -648560
203 427 950 984 -804466
10 16 590 623 -976973
162 245 903 908 582349
107 111 132 290 20420
96 226 699 848 290426
106 193 591 820 -243105
92 464 793 874 828415
6 9 755 881 894665
135 192 657 762 -773239
1 1 74 488 -888751
16 27 356 461 933840
188 267 584 957 -344615
3 54 902 956 -426838
236 593 806 819 214273
865 930 992 998 79177
220 228 763 931 -859835
194 237 335 655 -167521
348 417 926 962 -423411
214 552 607 758 -69393
46 151 508 565 881601
7 99 796 984 357834
2 348 698 977 -928634
62 84 389 554 835302
80 104 351 563 280238
298 743 788 922 887692
31 110 559 971 -963837
8 36 159 784 -800291
112 309 464 496 -456627
44 199 517 775 -147397
604 617 654 670 -395007
286 487 577 625 719428
137 211 330 927 802267
131 257 630 651 -634786
226 234 637 708 987400
1 461 662 744 -894752
590 648 912 935 -719953
102 218 944 945 -359724
10 259 964 974 -345106
521 631 987 994 -677517
12 13 377 758 173769
173 303 645 885 -292719
577 618 806 987 -516086
164 560 806 872 -81685
635 902 976 986 675723
36 122 268 758 97487
15 52 174 473 -577475
18 87 539 642 -150306
55 108 306 678 158584
3 36 667 764 545094
39 261 691 724 -944848
112 162 367 487 -646130
44 252 569 714 707047
217 436 733 865 711730
436 597 711 1000 -492779
49 152 547 805 -622033
363 872 958 996 478851
156 479 774 953 43556
74 491 994 997 580469
29 165 176 222 -488938
8 10 25 892 -444777
37 205 647 831 906502
163 359 985 988 -141971
64 157 220 535 448714
71 83 322 870 649537
326 511 799 876 470880
536 554 811 924 64918
55 58 150 223 -1530
243 365 703 767 552323
146 238 652 707 504573
33 392 658 761 -859086
307 356 606 697 -637119
109 304 622 644 451365
144 488 911 977 749515
44 95 201 928 -511492
372 488 756 883 936460
144 178 601 635 -172504
214 262 923 960 33946
182 355 917 937 882904
57 145 664 816 153441
58 74 944 965 -299845
74 79 136 565 846083
844 844 980 994 -233261
322 435 682 833 -291967
446 747 970 998 515401
207 290 704 916 -2168
49 58 311 844 -807611
102 129 656 854 34292
190 265 678 848 -522340
466 677 854 984 -784162
150 212 402 833 711853
324 460 805 847 -918366
297 499 799 897 -840297
48 228 855 948 -478031
15 302 592 999 104149
13 46 511 894 -229345
51 118 177 657 -791256
73 85 894 927 208108
12 555 911 925 603320
133 351 738 945 401769
17 94 389 492 538374
223 455 494 505 -51219
29 56 516 532 938989
61 385 814 957 -652181
140 200 635 641 -458346
475 478 958 984 74775
151 829 875 905 342435
90 110 978 996 -747615
315 432 502 796 -671099
471 578 856 915 529034
640 888 921 980 625066
268 363 752 974 -900593
62 163 299 965 -977550
174 259 328 617 -84448
163 283 472 583 751753
183 360 698 988 -193673
360 477 642 820 855180
17 88 348 593 -424770
43 74 764 870 -885141
135 399 816 824 -219922
1 14 76 800 262584
51 87 776 799 650929
96 189 589 790 -968593
159 310 433 928 -59599
6 197 644 783 -550962
156 168 424 715 -573279
11 20 670 942 -298594
281 651 747 920 -99860
208 264 850 993 123743
6 6 228 438 66080
137 246 518 896 -454710
97 145 339 614 420530
53 330 693 882 -869171
405 427 921 975 893844
28 115 298 525 -995715
38 185 753 958 -907791
96 108 542 758 -191862
419 760 988 991 -124473
1 1 27 726 -492717
314 886 943 979 531816
352 569 953 965 602053
325 513 959 979 198537
88 501 638 974 181654
3 4 134 981 -41539
6 172 486 697 672467
56 497 935 976 -907695
9 270 554 776 971096
204 362 419 938 729385
213 686 905 945 -997645
70 515 612 986 -361101
153 440 693 967 152489
116 129 672 840 -639141
339 586 984 999 -48646
129 779 916 977 434873
4 202 676 936 502916
460 750 974 991 48945
346 369 603 956 -321934
309 575 832 911 6360
72 406 730 920 905033
146 339 745 960 107125
570 599 981 998 -519995
116 189 385 875 396674
18 501 792 865 444867
214 371 979 986 844168
159 287 783 999 -318257
51 319 763 965 515366
206 532 998 999 246106
290 294 563 733 -179974
258 346 616 971 636487
443 547 961 982 -520724
6 237 672 739 -449783
6 10 939 979 -49370
5 11 315 331 820137
90 290 903 999 471525
3 98 715 751 -379264
310 466 864 907 856605
1 2 792 994 621137
376 498 981 999 -220944
110 344 785 982 164520
240 296 641 922 114058
39 213 553 927 -160107
319 717 926 951 131305
463 633 664 853 674434
5 489 939 980 -244171
53 91 608 772 -825427
169 398 628 793 897492
402 530 725 812 -303850
28 123 329 427 -383642
272 925 966 994 609896
244 681 879 884 278322
101 144 454 792 -193267
50 114 417 795 -913296
5 128 666 727 -919787
528 933 961 976 -318306
604 647 885 972 58980
46 477 714 979 55087
40 319 543 912 927018
616 903 942 1000 -743857
28 30 656 998 -686146
305 469 853 899 -622379
9 183 462 492 706388
257 308 970 998 -502862
2 5 254 930 -436751
70 287 545 963 522769
51 602 769 992 578246
18 207 303 568 -990390
607 739 972 973 -291398
8 13 199 916 925866
3 6 593 923 -33306
73 202 935 978 -337765
12 18 453 933 922601
45 79 725 886 -89139
14 15 258 841 459157
12 17 801 806 687126
5 23 285 607 98874
538 739 974 986 351601
156 334 488 887 866165
173 486 828 949 684854
1 854 941 993 291297
45 133 759 956 110727
14 77 394 921 -219783
401 844 903 920 99361
60 63 469 576 -92087
361 421 655 989 -480980
459 466 934 999 173916
7 202 551 807 -116877
191 223 340 460 -645564
464 634 833 861 -265010
291 603 768 987 364777
62 65 176 228 959730
198 256 731 815 136349
98 419 676 959 705999
198 297 878 930 -580122
4 24 426 665 -334466
125 174 374 378 -466728
49 661 871 934 478081
57 158 783 948 -320391
28 89 722 935 -282103
394 413 966 992 600385
232 285 765 785 143949
473 732 935 989 -831669
21 22 501 615 302561
9 224 432 569 -411182
88 207 543 582 762332
318 386 697 740 802003
4 27 450 984 -145167
468 748 804 943 235115
264 616 819 828 979129
110 206 468 914 780234
42 212 585 725 -577343
1 7 438 614 -472937
655 723 872 895 -728632
293 374 649 726 51383
39 143 613 962 500499
141 408 764 945 632741
100 558 967 997 609107
1 12 158 727 -424136
422 655 757 817 -513766
45 638 986 1000 -516130
3 46 598 893 -965134
185 225 409 891 236333
28 100 715 1000 -748351
608 775 982 996 74348
317 393 548 968 -630224
113 147 373 597 -111258
245 267 517 661 861588
5 28 117 897 193174
391 788 986 994 194338
117 130 429 619 -637589
241 805 942 968 -438745
41 78 507 906 -214159
266 280 685 701 353411
193 394 720 888 -481742
390 822 889 897 447018
70 217 612 737 334348
142 457 611 817 66118
223 892 965 998 969651
13 27 77 779 -398409
268 388 625 708 -876965
281 680 963 971 -328457
60 130 783 970 -740639
71 625 641 747 450222
256 353 440 715 248081
190 332 651 751 32876
1 235 647 660 550743
261 609 921 927 -171761
58 60 393 956 -103773
164 300 354 460 158141
702 759 966 991 733460
94 312 424 599 810157
37 53 750 932 668190
197 213 568 693 587384
286 340 593 950 -157169
437 533 851 902 166774
30 85 630 804 285561
749 822 950 997 962882
42 282 772 965 -295883
105 202 886 956 -458976
76 147 495 762 -681939
423 714 999 1000 229495
214 242 479 738 -910011
77 771 958 972 -416630
44 79 588 918 -864596
86 178 717 863 -335316
14 354 917 938 -15407
16 57 278 625 -51756
59 241 640 798 259
64 175 335 499 -754752
293 581 972 993 65639
673 849 952 972 -397095
12 13 585 723 816151
4 237 426 530 784743
96 399 792 985 -850178
215 386 546 865 905714
48 119 599 783 -190959
540 772 864 864 -454528
440 683 838 892 -367009
203 237 326 560 172518
307 684 747 918 -745440
111 175 596 889 -129656
25 231 630 965 488779
6 8 428 862 -896803
7 329 452 919 240701
241 524 740 959 -458997
7 44 267 303 81060
2 2 886 969 496260
17 30 253 620 74656
225 602 781 835 -922450
68 84 398 437 -782506
33 191 501 646 627768
2 9 327 845 -960829
6 6 240 994 -14604
101 288 768 845 -155081
342 476 813 934 -675347
486 697 798 815 -338509
133 392 658 768 818915
24 193 414 850 -911264
19 23 253 671 -922294
36 38 254 720 -588850
88 264 942 968 337979
7 223 612 753 -49385
338 521 849 994 -796199
262 556 927 962 475750
23 663 946 978 617099
2 125 688 758 97398
427 496 635 921 319731
181 237 643 772 566028
243 336 769 869 -993941
724 814 911 942 168347
319 530 888 921 -841213
4 7 296 353 -489114
29 79 645 647 640101
169 310 738 913 212908
29 126 850 944 -81443
488 738 899 945 -880240
106 180 225 908 -689085
342 343 869 985 259087
6 51 318 799 -68055
6 6 280 767 -576159
121 595 984 987 857500
119 219 289 340 742104
242 317 925 980 18210
37 354 503 808 -239637
7 42 702 774 650073
246 336 979 990 -441480
310 378 485 795 828709
330 715 919 921 -74995
83 450 905 928 544181
128 501 772 840 -826751
327 365 753 803 -958991
225 434 572 679 736420
201 294 985 996 619226
203 584 708 908 224047
569 583 922 940 683912
564 622 764 930 228696
159 310 487 551 456025
205 240 414 670 960453
162 291 677 933 -84458
562 737 989 997 753919
158 275 741 822 -666944
122 212 318 940 -890477
105 414 950 962 738502
295 357 897 997 -621301
11 80 312 872 -744559
155 337 518 887 122282
50 73 459 621 -216344
1 17 62 72 144158
46 247 834 834 99850
124 370 738 943 -214365
106 190 405 849 861880
29 68 239 623 577545
479 619 929 977 607870
47 111 749 822 -925718
225 444 604 678 -430926
298 400 514 765 614570
14 62 165 791 -387369
82 374 520 691 -715315
45 67 782 815 -79199
248 262 626 809 650807
43 248 877 979 -686565
57 437 772 976 389662
297 435 911 994 320796
64 82 281 535 -262283
65 367 600 971 641386
34 112 153 547 633118
310 432 648 651 693159
451 940 992 996 5096
83 235 695 778 2638
41 56 268 369 -493045
75 108 567 642 -261268
261 621 786 862 -762243
235 689 883 901 -834484
39 272 849 938 372172
256 260 886 932 457972
131 318 766 816 321126
214 407 640 760 -762106
278 462 753 816 -751914
142 196 721 834 -374847
25 139 852 944 524203
100 348 388 522 -785130
3 141 827 858 953251
266 436 845 937 429460
1 337 924 960 704410
100 250 675 859 -728865
102 224 664 765 682681
36 45 518 938 -709077
60 112 415 467 726089
123 252 388 392 -879044
96 196 688 819 -675388
38 119 969 997 -257669
17 89 662 674 977965
34 131 429 485 -852753
8 34 596 663 795252
316 380 804 856 992870
134 522 650 811 397413
203 218 674 889 711518
225 317 436 584 504607
196 200 580 816 964615
53 236 540 940 714813
498 594 821 995 853117
7 152 814 876 -33246
174 192 636 851 151020
130 252 720 916 -30691
14 169 813 928 -293121
85 137 197 618 -727030
125 165 706 765 231024
158 228 389 932 503119
116 346 430 969 902227
22 64 695 949 -767396
497 641 859 862 976207
280 330 773 936 -190999
300 422 825 970 496736
560 787 848 925 -322163
433 814 953 989 -389877
155 222 573 744 -883913
15 73 799 919 793036
232 650 955 957 -933470
12 101 886 913 176218
259 388 646 937 901760
176 852 965 988 -342193
164 233 376 451 -589493
429 910 990 993 -427071
224 819 900 981 -860524
1 1 603 670 753983
44 141 578 923 -718591
28 103 255 865 -935117
23 170 582 726 -600175
54 75 649 978 -19416
26 36 720 954 447386
256 283 537 547 -383500
255 264 830 943 339839
68 115 640 883 228104
81 806 997 997 806455
9 127 426 992 221974
263 491 668 673 216450
290 689 929 983 382618
354 394 890 909 -94818
141 485 627 666 -965597
110 129 447 977 -914353
41 161 963 976 851801
284 422 894 973 755675
17 235 922 957 -35751
67 159 576 614 549057
11 148 421 720 318836
153 291 707 774 8517
1 5 387 991 847941
163 273 814 997 640417
108 162 228 536 267065
87 336 798 838 -694686
98 210 842 999 774946
104 479 872 980 650297
335 633 742 822 809130
67 143 456 604 -608054
318 336 362 879 -42796
121 245 966 990 -847470
59 93 889 919 -236014
376 776 924 955 415578
245 389 978 989 -998541
3 70 308 665 -281007
164 488 740 958 -369071
193 321 612 749 216581
457 486 944 948 480170
40 289 598 881 -879822
14 22 92 758 282403
74 127 391 605 337168
458 512 997 998 617471
190 363 775 793 716202
56 83 682 859 -757963
130 194 480 564 -835455
260 669 915 941 896646
73 189 690 780 416746
266 316 802 882 -529878
131 670 953 989 -982819
138 146 650 688 -844218
115 305 450 452 -309648
2 4 123 892 688028
367 390 447 969 675774
111 261 380 546 -955852
157 374 947 978 934172
599 625 803 834 881068
661 751 880 920 -169355
133 192 713 943 507878
414 636 719 782 -924208
13 361 816 920 201034
186 303 371 545 288353
142 570 974 1000 -546764
289 314 357 362 -688038
14 138 742 832 -125178
91 233 656 688 532323
35 49 228 659 107426
195 538 991 993 -658590
203 257 577 990 977239
230 305 465 576 -181219
342 547 694 957 -155934
108 128 566 806 782238
97 397 832 974 -5565
207 221 699 852 88115
665 835 921 943 -309593
336 788 974 995 -988881
53 116 1000 1000 -221959
331 405 694 1000 268849
9 40 739 888 134360
2 6 790 997 448374
94 313 714 951 174776
195 371 995 1000 -973915
203 335 731 926 174552
98 147 840 855 117399
33 50 793 918 900925
367 581 888 972 -942337
84 153 671 816 695741
604 656 813 953 683413
227 230 763 977 -877725
1 4 524 640 -601075
149 152 327 731 903235
85 170 545 862 -955406
267 757 951 973 -923345
101 210 631 888 369204
407 560 818 992 977944
114 234 770 964 878992
63 239 597 722 -61102
207 289 959 978 92871
52 57 140 780 976074
137 187 503 873 903831
88 209 845 892 381928
654 749 921 957 -698156
109 135 785 954 679950
536 573 863 993 -816431
49 124 345 989 -426366
543 646 760 909 -518943
141 167 931 970 170448
246 545 964 990 863644
180 202 623 859 928030
46 386 546 857 940184
367 421 736 868 461165
130 154 250 495 55676
78 281 635 981 851098
166 261 601 688 320239
3 12 76 917 152802
291 663 939 976 -232858
177 318 830 948 -948737
9 77 226 410 557236
168 198 892 956 905051
163 173 876 885 -519137
107 324 353 920 -974674
281 429 856 902 -408857
253 345 587 622 -939532
106 581 920 978 -219720
466 479 708 957 113708
5 20 98 927 399969
205 333 787 960 492832
157 601 811 850 -771785
413 554 692 841 -353620
376 396 608 751 -770994
11 253 870 882 610400
66 204 604 824 886720
329 561 777 930 -88545
72 118 288 457 77064
64 157 412 538 565901
527 736 998 998 937242
196 226 385 717 492637
40 96 453 688 650680
22 232 656 736 -790761
44 191 686 955 822592
183 284 757 868 -379869
557 633 899 975 150681
2 18 310 731 316533
67 269 436 937 495822
