100
3877633
6537523
2872729
559513
9999162
10000000
9
6704676
10
5094841
3323191
7551991
9987391
9999973
1221469
2
3929879
4
4572049
592432
4125389
3702389
5103067
1281246
6987083
5
6735763
2196613
7783893
1
9999991
8237213
140839
9999163
9999998
9325574
9999996
11
8248729
5001361
2896297
2360890
8873129
6
3410821
1481717
9999161
7203246
3191803
390548
3
9999997
3132736
8763892
9999999
9999930
13
7762723
6865010
2044523
6716541
8
3855409
8184167
4751053
928009
4170220
9999971
1403870
6697461
7742461
9309119
3910981
3023326
4461641
1144
5462959
3949061
12
5388168
4046177
9971849
9999995
1264969
9999972
983469
9299449
7
9010879
1862603
8697851
4461643
9999931
6513281
6463741
9682616
615403
9999929
1507483
4461642
