200
5 0
5 1 4 2 2 1 4 3 1 3 5 3 4 5 2 
20
2 6
3 6
1 2
1 6
1 3
3 1
4 3
4 1
5 4
5 1
5 4
2 5
4 5
3 2
3 4
3 5
2 3
4 3
4 2
4 3
5 0
3 5 5 4 4 1 2 5 2 4 3 3 2 1 1 
18
1 6
1 6
3 1
3 6
3 1
1 3
1 3
5 1
5 1
5 3
1 5
2 5
1 5
1 2
2 1
4 1
4 1
4 2
5 0
3 2 2 5 4 4 2 1 5 1 4 3 1 3 5 
20
1 6
1 6
3 1
3 1
3 6
2 3
2 3
4 2
4 3
4 2
1 4
2 4
5 1
5 2
5 4
1 5
1 5
2 1
2 1
2 5
5 0
2 1 4 5 4 1 3 3 4 3 5 5 1 2 2 
17
1 6
3 6
2 1
2 6
2 3
1 2
1 2
5 1
5 1
5 2
1 5
1 5
1 5
3 1
4 1
4 1
4 3
5 0
4 3 2 4 1 3 1 2 5 3 5 5 2 1 4 
20
1 6
3 1
3 6
5 3
5 3
5 6
1 5
4 5
4 5
4 1
1 4
2 4
1 4
1 2
2 1
3 2
3 1
2 3
2 3
2 1
5 0
3 5 4 1 2 2 3 1 4 3 4 5 2 1 5 
20
1 6
3 6
4 1
4 6
4 3
1 4
5 4
1 4
1 5
2 1
2 1
5 2
5 2
5 1
2 5
3 2
3 5
2 3
2 3
2 5
5 0
1 1 1 4 3 5 4 3 4 2 3 5 5 2 2 
17
1 6
1 6
1 6
2 1
4 1
5 2
5 4
5 1
2 5
4 5
4 2
4 5
2 4
2 4
3 2
3 4
3 2
5 0
3 3 1 3 5 5 4 2 1 4 1 2 4 2 5 
19
1 6
3 6
4 1
4 6
4 3
1 4
3 1
3 4
5 3
5 4
5 3
1 5
3 5
3 1
3 5
1 3
2 3
2 3
2 1
5 0
2 2 4 5 5 3 3 4 3 1 4 2 5 1 1 
19
1 6
3 1
3 6
4 3
4 6
4 3
1 4
2 4
3 1
3 2
3 4
1 3
5 3
5 3
5 1
1 5
2 1
2 5
2 5
5 0
1 4 2 1 3 5 4 5 1 4 2 3 2 5 3 
22
1 6
4 1
4 6
5 4
5 4
5 6
1 5
2 1
2 5
4 2
4 5
4 2
1 4
2 1
2 4
3 2
3 4
3 2
1 3
2 3
1 3
1 2
5 0
3 1 4 3 4 3 2 5 1 2 5 2 4 1 5 
20
1 6
2 1
2 6
5 2
5 2
5 6
2 5
3 5
1 2
1 5
1 3
2 1
3 1
2 3
2 1
3 2
3 2
4 3
4 2
4 3
5 0
4 5 4 3 2 1 2 5 1 1 3 5 3 2 4 
20
1 6
5 6
1 5
1 6
2 1
3 1
4 2
4 3
4 1
2 4
5 4
3 2
3 4
3 5
5 3
2 5
2 3
5 2
5 3
5 2
5 0
2 4 4 1 1 1 4 2 3 2 3 5 3 5 5 
18
1 6
1 6
3 1
3 1
3 6
2 3
2 3
2 3
4 2
5 2
5 2
5 4
4 5
1 4
1 5
4 1
4 5
4 1
5 0
3 1 2 5 1 4 4 5 3 5 2 3 2 4 1 
20
1 6
4 1
4 6
5 4
5 4
5 6
1 5
3 5
1 3
1 5
2 1
4 1
3 2
3 4
3 1
2 3
2 3
4 2
4 3
4 2
5 0
5 3 5 4 1 2 2 2 3 4 1 5 1 3 4 
19
1 6
4 6
1 4
1 6
2 1
3 2
3 1
3 1
2 3
4 3
5 2
5 3
5 4
4 5
2 4
2 5
4 2
4 5
4 2
5 0
1 2 5 3 1 3 2 4 5 3 1 4 2 5 4 
20
1 6
3 6
5 1
5 6
5 3
1 5
4 5
3 1
3 5
3 4
1 3
4 3
1 3
1 4
4 1
2 4
2 1
4 2
4 1
4 2
5 0
4 2 5 3 1 4 1 5 2 5 3 2 3 1 4 
23
1 6
3 1
3 6
4 3
4 3
4 6
1 4
1 4
3 1
3 4
3 1
1 3
2 1
2 3
5 2
5 3
5 2
1 5
2 1
2 5
1 2
1 2
1 5
5 0
2 2 4 1 4 5 5 3 1 2 1 5 4 3 3 
21
1 6
2 1
2 6
5 2
5 2
5 6
1 5
4 5
3 1
3 4
3 5
1 3
4 1
4 3
2 4
2 4
2 3
1 2
4 2
4 2
4 1
5 0
1 3 2 5 1 3 4 2 5 4 4 1 3 5 2 
19
1 6
5 6
3 1
3 6
3 5
1 3
5 1
5 3
2 5
2 5
2 3
1 2
4 1
4 2
4 2
1 4
5 4
1 5
1 4
5 0
1 3 2 3 5 4 1 5 1 2 3 5 2 4 4 
20
2 6
5 6
5 6
5 2
1 5
2 5
4 1
4 2
4 5
1 4
2 1
2 4
3 2
3 4
3 2
1 3
1 3
2 1
2 1
2 3
5 0
1 2 1 4 3 5 3 4 2 4 1 5 3 5 2 
22
1 6
4 1
4 6
1 4
1 4
1 6
2 1
4 2
4 1
5 4
5 1
5 4
2 5
3 5
4 2
4 5
4 3
2 4
2 4
3 2
3 2
3 4
5 0
1 4 1 3 2 2 5 5 2 3 3 1 4 5 4 
16
1 6
4 6
1 4
1 6
2 1
3 1
2 1
2 3
3 2
4 3
4 2
4 2
3 4
5 4
5 3
5 4
5 0
5 2 2 4 3 1 5 1 5 2 1 3 3 4 4 
19
1 6
1 6
4 1
4 1
4 6
1 4
2 4
3 1
3 4
3 2
1 3
2 3
1 2
1 3
2 1
2 1
5 2
5 2
5 1
5 0
3 1 1 3 3 2 5 1 2 4 4 5 4 5 2 
17
1 6
1 6
3 1
3 6
3 1
1 3
4 3
5 1
5 3
5 4
1 5
2 5
1 5
1 2
2 1
2 1
2 1
5 0
5 1 2 4 1 5 3 1 4 4 5 2 2 3 3 
20
1 6
4 6
5 1
5 4
5 6
1 5
4 5
3 1
3 4
3 5
2 3
4 2
4 3
1 4
1 4
1 3
2 1
4 1
2 1
2 4
5 0
1 4 5 2 3 5 4 5 1 2 2 1 4 3 3 
18
1 6
2 6
3 1
3 6
3 2
1 3
4 3
1 4
1 3
2 1
4 1
5 2
5 4
5 1
2 5
4 5
2 5
2 4
5 0
2 4 1 3 5 3 3 4 2 1 1 5 2 4 5 
20
1 6
4 1
4 6
4 6
1 4
5 4
2 1
2 4
2 5
1 2
5 2
3 1
3 5
3 2
5 3
1 5
1 3
5 1
5 3
5 1
5 0
3 4 5 5 1 2 1 4 3 5 3 1 4 2 2 
19
2 6
5 6
5 6
5 2
2 5
1 2
1 5
3 1
3 5
3 1
1 3
4 3
2 1
2 3
2 4
1 2
4 2
4 1
4 2
5 0
2 5 1 1 3 3 1 3 4 4 5 5 2 4 2 
21
2 6
2 6
3 2
3 6
3 2
1 3
2 3
2 1
2 3
1 2
5 1
5 2
4 5
4 5
4 2
5 4
1 5
1 4
5 1
5 4
5 1
5 0
1 5 2 5 3 4 4 5 2 2 4 1 3 3 1 
17
1 6
3 6
4 1
4 3
4 6
1 4
5 4
1 5
1 4
2 1
3 1
3 2
3 1
2 3
5 3
2 5
2 3
5 0
5 5 2 1 5 3 4 2 4 3 2 1 4 3 1 
19
1 6
3 1
3 6
4 3
4 6
4 3
2 4
3 4
5 2
5 4
5 3
1 5
3 5
3 1
3 5
1 3
2 3
2 1
2 3
5 0
3 1 5 1 5 4 3 2 2 1 2 4 4 5 3 
21
1 6
2 1
2 6
5 2
5 6
5 2
1 5
2 5
4 5
4 1
4 2
1 4
3 4
3 4
3 1
1 3
2 1
2 3
1 2
1 2
1 3
5 0
5 4 3 1 3 5 4 5 3 2 2 2 4 1 1 
20
1 6
3 6
2 1
2 6
2 3
1 2
3 1
3 2
1 3
1 3
1 2
4 1
4 1
4 1
5 4
3 5
3 4
5 3
5 4
5 3
5 0
4 2 4 5 1 3 3 1 2 5 4 2 3 1 5 
21
1 6
4 1
4 6
1 4
1 4
1 6
3 1
4 1
4 1
4 3
3 4
5 4
2 3
2 5
2 4
5 2
3 5
3 2
5 3
5 2
5 3
5 0
2 1 3 5 1 3 5 3 2 4 2 1 5 4 4 
21
1 6
2 6
3 1
3 6
3 2
1 3
4 1
4 3
1 4
1 4
1 3
4 1
2 4
2 1
4 2
4 1
4 2
2 4
5 4
5 4
5 2
5 0
2 2 1 4 5 5 1 4 3 3 3 1 2 5 4 
18
1 6
4 6
3 1
3 4
3 6
1 3
4 1
4 3
4 3
1 4
5 4
2 1
2 5
2 4
1 2
5 2
5 2
5 1
5 0
4 3 3 1 2 5 5 1 3 1 2 4 2 5 4 
21
1 6
3 6
1 6
1 3
2 1
5 2
5 1
3 5
3 5
3 1
2 3
4 3
5 2
5 3
5 4
4 5
2 4
2 5
4 2
4 5
4 2
5 0
4 1 2 3 5 2 5 4 2 1 3 1 3 5 4 
20
1 6
2 6
3 6
3 1
3 2
1 3
5 3
1 5
1 3
2 1
2 1
5 2
5 1
5 2
2 5
4 2
4 5
2 4
2 4
2 5
5 0
1 2 1 3 5 3 4 5 4 2 2 5 3 1 4 
21
1 6
5 1
5 6
1 5
1 5
1 6
3 1
5 3
5 1
3 5
3 5
3 1
4 3
5 3
2 4
2 3
2 5
4 2
5 2
5 4
5 2
5 0
3 2 5 4 2 1 4 1 1 5 3 4 2 3 5 
18
1 6
5 6
4 1
4 5
4 6
2 4
3 4
3 4
3 2
1 3
2 3
2 1
2 3
1 2
1 2
5 1
5 1
5 2
5 0
3 3 4 5 2 4 1 5 5 4 1 3 1 2 2 
17
1 6
2 6
4 1
4 2
4 6
1 4
1 4
1 4
3 1
3 1
2 3
2 3
2 1
3 2
5 2
5 2
5 3
5 0
2 1 3 4 4 5 1 3 5 2 3 4 5 2 1 
20
1 6
3 1
3 6
4 3
4 6
4 3
1 4
2 4
5 1
5 2
5 4
1 5
1 5
3 1
3 1
3 5
1 3
2 1
2 3
2 3
5 0
1 3 5 5 5 3 2 3 1 2 2 1 4 4 4 
16
1 6
2 1
2 6
2 6
1 2
1 2
3 1
3 2
3 1
1 3
4 1
4 3
4 3
1 4
1 4
1 4
5 0
4 5 2 5 5 4 1 3 4 3 1 2 2 1 3 
18
1 6
4 6
5 1
5 4
5 6
1 5
3 1
3 5
4 3
4 3
4 5
1 4
2 4
1 2
1 4
2 1
2 1
2 1
5 0
1 3 1 4 5 5 3 2 3 4 1 2 5 4 2 
21
1 6
4 1
4 6
1 4
1 4
1 6
2 1
2 1
5 2
5 2
5 1
3 5
4 5
3 4
3 5
4 3
2 4
2 3
4 2
4 3
4 2
5 0
2 3 1 4 4 3 5 5 3 1 1 2 5 2 4 
18
1 6
4 1
4 6
4 6
1 4
5 1
5 4
1 5
1 5
1 4
2 1
3 1
5 1
5 2
5 3
2 5
2 5
2 5
5 0
2 2 2 1 5 1 3 3 1 4 4 4 5 3 5 
14
1 6
1 6
1 6
2 1
3 1
2 3
2 1
3 2
5 2
5 3
5 2
3 5
3 5
3 5
5 0
5 2 3 5 5 1 1 2 1 4 4 3 3 4 2 
17
1 6
4 6
5 1
5 4
5 6
1 5
1 5
3 1
3 5
3 1
1 3
2 3
1 3
1 2
2 1
2 1
2 1
5 0
5 3 1 4 2 3 4 5 3 2 4 2 5 1 1 
20
1 6
5 6
5 6
5 1
1 5
3 1
3 5
1 3
1 3
1 5
2 1
3 1
3 1
3 2
2 3
4 2
4 3
2 4
2 4
2 3
5 0
2 4 4 1 1 4 2 5 3 1 5 5 3 2 3 
18
1 6
2 6
1 6
1 2
2 1
5 2
5 1
3 5
3 5
3 1
2 3
5 2
5 3
5 3
2 5
4 5
4 5
4 2
5 0
5 2 5 3 1 3 4 3 2 2 4 1 4 5 1 
22
1 6
5 1
5 6
1 5
1 5
1 6
2 1
3 2
3 1
2 3
2 3
2 1
3 2
4 2
5 3
5 2
5 4
3 5
3 5
4 3
4 3
4 5
5 0
5 4 2 4 3 3 5 3 2 5 1 2 1 1 4 
19
1 6
3 6
4 6
4 1
4 3
1 4
5 1
5 4
5 4
1 5
1 5
2 1
2 1
2 5
1 2
1 2
3 1
3 2
3 1
5 0
5 1 5 4 3 5 1 3 2 1 2 4 2 4 3 
21
1 6
2 6
1 2
1 6
3 1
4 3
4 1
5 4
5 4
5 1
3 5
4 5
2 3
2 4
2 5
4 2
3 4
3 2
4 3
4 2
4 3
5 0
3 1 3 4 2 4 2 2 5 3 4 1 5 5 1 
20
2 6
4 2
4 6
2 4
2 4
2 6
3 2
5 3
5 2
5 2
3 5
1 3
1 5
4 1
4 5
4 1
1 4
3 4
1 3
1 4
5 0
3 3 5 5 4 2 4 2 1 4 1 3 1 2 5 
19
1 6
5 6
2 1
2 5
2 6
1 2
3 1
3 2
5 3
5 2
5 3
1 5
3 5
4 1
4 5
4 3
1 4
1 4
1 4
5 0
2 4 5 3 1 5 4 3 5 2 2 1 3 1 4 
20
1 6
2 6
3 6
3 1
3 2
2 3
5 3
1 2
1 3
1 5
4 1
2 4
2 1
5 2
5 1
5 2
2 5
4 5
2 4
2 5
5 0
2 1 3 2 3 1 5 3 4 5 1 5 2 4 4 
21
1 6
2 1
2 6
3 2
3 6
3 2
1 3
1 3
4 1
4 3
4 1
1 4
2 4
1 4
1 2
5 1
2 5
2 1
5 2
5 1
5 2
5 0
3 4 5 4 1 1 3 2 5 3 5 2 2 4 1 
20
1 6
3 6
4 1
4 6
4 3
1 4
3 1
3 4
5 3
5 3
5 4
2 5
2 5
3 2
3 5
3 2
1 3
2 3
1 2
1 3
5 0
4 3 1 2 5 2 4 3 1 1 2 4 5 5 3 
19
1 6
3 6
4 1
4 3
4 6
2 4
3 4
2 3
2 4
3 2
5 3
5 2
5 2
3 5
1 3
1 5
3 1
3 5
3 1
5 0
4 5 4 2 3 2 1 1 5 1 3 2 5 3 4 
16
1 6
5 6
1 5
1 6
2 1
4 1
2 4
2 1
3 2
5 2
5 3
5 2
3 5
4 5
4 5
4 3
5 0
4 4 3 2 3 5 1 4 2 3 1 1 2 5 5 
19
1 6
2 1
2 6
4 2
4 2
4 6
1 4
5 4
5 4
5 1
1 5
3 5
2 1
2 3
2 5
1 2
3 2
3 1
3 2
5 0
3 1 4 1 2 5 3 2 2 3 1 5 4 5 4 
18
1 6
5 6
5 1
5 6
1 5
2 5
4 5
4 1
4 2
1 4
1 4
2 1
2 1
2 4
1 2
3 2
3 2
3 1
5 0
3 5 4 2 5 2 2 5 1 3 1 1 3 4 4 
18
1 6
5 6
5 6
5 1
3 5
4 5
4 5
4 3
1 4
3 4
1 3
1 4
3 1
2 3
2 1
3 2
3 1
3 2
5 0
2 1 4 2 2 4 3 5 1 4 1 5 5 3 3 
18
1 6
2 6
4 1
4 2
4 6
1 4
3 1
3 4
5 3
5 3
5 4
1 5
2 5
1 5
1 2
2 1
2 1
2 1
5 0
2 1 4 2 3 3 5 3 2 1 5 1 5 4 4 
21
1 6
5 6
5 6
5 1
1 5
4 1
4 5
3 4
3 4
3 5
1 3
1 3
4 1
4 1
4 3
2 4
1 2
1 4
2 1
2 4
2 1
5 0
4 2 4 2 1 2 3 5 4 5 5 1 3 1 3 
17
1 6
3 6
1 3
1 6
2 1
3 1
2 3
2 1
3 2
4 2
5 3
5 2
5 4
3 5
4 5
3 4
3 5
5 0
1 3 2 4 5 5 4 3 5 2 3 1 2 4 1 
20
2 6
3 6
2 6
2 3
3 2
5 3
5 2
3 5
3 5
3 2
4 3
5 4
5 3
1 5
1 5
1 3
4 1
5 1
4 1
4 5
5 0
5 5 1 4 2 5 4 4 1 3 2 1 2 3 3 
18
1 6
3 6
4 6
4 1
4 3
1 4
2 1
2 4
5 2
5 2
5 4
1 5
1 5
1 5
2 1
3 1
2 1
2 3
5 0
1 4 2 4 3 3 2 3 5 1 5 2 4 1 5 
19
1 6
4 6
3 1
3 4
3 6
1 3
5 3
4 1
4 3
4 5
1 4
2 4
2 4
2 1
1 2
1 2
5 1
5 1
5 2
5 0
1 2 5 4 5 3 4 5 3 1 1 2 3 2 4 
20
1 6
2 1
2 6
3 2
3 6
3 2
1 3
2 1
2 3
5 2
5 2
5 3
1 5
2 1
2 5
2 5
1 2
4 2
1 2
1 4
5 0
1 5 3 2 4 2 5 4 3 1 2 5 1 3 4 
22
1 6
3 6
5 1
5 6
5 3
1 5
2 1
2 5
3 2
3 5
3 2
1 3
4 1
4 3
2 4
2 4
2 3
1 2
1 2
4 1
4 2
4 1
5 0
3 4 4 5 5 2 3 3 2 1 5 4 2 1 1 
18
1 6
4 6
1 6
1 4
2 1
3 1
5 2
5 3
5 1
2 5
3 5
4 2
4 3
4 5
2 4
3 2
3 4
3 4
5 0
2 4 3 5 2 3 5 1 2 5 3 4 4 1 1 
19
1 6
2 6
4 1
4 6
4 2
1 4
1 4
5 1
5 1
5 4
1 5
1 5
3 1
3 5
3 1
1 3
2 3
2 1
2 3
5 0
4 4 5 5 2 5 2 2 1 3 3 3 1 4 1 
15
1 6
2 6
2 1
2 6
1 2
3 1
3 2
3 2
1 3
5 3
5 1
5 3
1 5
1 5
1 5
5 0
3 5 1 5 4 4 5 2 2 4 1 1 2 3 3 
18
1 6
4 6
4 6
4 1
1 4
2 4
2 4
2 1
1 2
1 2
3 1
3 1
3 2
1 3
1 3
5 1
5 1
5 3
5 0
1 5 4 2 5 2 2 1 3 5 4 3 3 4 1 
23
1 6
4 1
4 6
5 4
5 6
5 4
1 5
3 5
4 5
4 1
4 3
1 4
3 1
3 4
1 3
1 3
1 4
3 1
2 3
2 1
3 2
3 1
3 2
5 0
2 3 1 4 2 3 1 2 5 4 4 1 3 5 5 
17
1 6
4 6
3 1
3 4
3 6
1 3
5 3
5 3
5 1
1 5
2 5
1 5
1 2
2 1
4 1
2 1
2 4
5 0
1 2 3 1 5 4 5 4 3 2 5 4 1 2 3 
20
1 6
3 6
5 6
5 1
5 3
1 5
1 5
4 1
4 1
4 5
1 4
2 1
2 4
3 2
3 2
3 4
1 3
2 3
1 3
1 2
5 0
5 1 1 2 2 5 3 4 3 2 3 1 5 4 4 
18
1 6
4 6
1 6
1 4
2 1
4 1
5 2
5 4
5 1
2 5
4 5
3 2
3 5
3 4
2 3
4 3
4 3
4 2
5 0
2 1 4 1 5 2 1 5 5 3 4 4 3 2 3 
18
1 6
4 6
4 6
4 1
1 4
5 4
5 1
5 4
1 5
2 5
1 2
1 5
3 1
2 3
2 1
3 2
3 1
3 2
5 0
4 4 5 5 1 3 2 4 1 3 3 2 5 2 1 
19
2 6
4 2
4 6
4 6
2 4
5 2
5 4
3 5
3 5
3 4
2 3
2 3
5 2
5 3
5 2
1 5
2 5
2 1
2 5
5 0
3 2 5 5 2 4 1 4 2 1 4 3 5 3 1 
23
2 6
3 2
3 6
4 3
4 6
4 3
2 4
1 2
1 4
2 1
2 4
2 1
1 2
1 2
5 1
5 1
5 2
1 5
3 1
3 5
1 3
1 3
1 5
5 0
1 5 4 4 2 3 5 1 3 1 5 4 2 2 3 
20
1 6
4 6
2 1
2 4
2 6
1 2
3 2
5 2
5 1
5 3
1 5
3 5
4 5
4 1
4 3
1 4
1 4
3 1
3 1
3 4
5 0
3 3 5 5 1 4 1 2 4 2 3 5 4 1 2 
20
1 6
4 6
2 1
2 4
2 6
1 2
3 2
5 1
5 3
5 2
1 5
3 1
3 5
4 3
4 3
4 5
1 4
3 1
3 4
3 4
5 0
4 4 2 2 1 1 4 3 3 5 1 5 3 2 5 
18
1 6
5 1
5 6
2 5
2 5
2 6
1 2
4 2
4 1
4 2
1 4
5 4
5 4
5 1
1 5
3 5
3 5
3 1
5 0
1 4 5 5 2 4 3 3 4 5 2 2 1 3 1 
18
2 6
3 6
1 2
1 6
1 3
3 1
5 1
5 3
5 1
3 5
3 5
3 5
4 3
2 4
2 3
4 2
4 3
4 2
5 0
4 4 2 4 3 3 1 3 5 5 2 1 2 1 5 
19
1 6
4 1
4 6
5 4
5 4
5 6
1 5
4 5
3 1
3 4
3 5
1 3
4 1
4 3
4 3
1 4
2 4
2 4
2 1
5 0
4 2 5 3 5 2 1 3 4 2 4 1 1 5 3 
19
1 6
2 1
2 6
5 2
5 6
5 2
1 5
1 5
4 1
4 1
4 5
1 4
3 4
1 3
1 4
2 1
3 1
3 2
3 1
5 0
4 3 1 1 2 4 3 5 5 1 4 2 5 3 2 
19
2 6
4 2
4 6
1 4
1 4
1 6
2 1
5 1
2 1
2 5
3 2
3 2
5 3
5 3
5 2
3 5
4 5
3 4
3 5
5 0
5 4 2 4 3 1 2 4 5 2 3 5 1 1 3 
20
2 6
5 2
5 6
5 6
2 5
2 5
4 2
4 5
4 2
1 4
2 4
3 1
3 2
3 4
1 3
2 1
2 3
1 2
1 2
1 3
5 0
5 1 1 4 2 2 2 3 1 4 3 5 3 4 5 
20
1 6
3 6
1 6
1 3
2 1
2 1
3 2
3 2
3 1
2 3
4 2
4 3
5 4
5 4
5 3
2 5
2 5
4 2
4 5
4 2
5 0
3 2 1 5 3 5 4 1 1 5 4 3 2 2 4 
19
1 6
3 6
3 6
3 1
1 3
5 3
4 1
4 3
4 5
1 4
2 1
2 4
1 2
1 2
1 4
2 1
5 2
5 1
5 1
5 0
5 3 2 1 3 4 3 4 1 4 5 2 2 5 1 
21
1 6
4 6
5 1
5 4
5 6
1 5
3 5
2 1
2 3
2 5
1 2
3 1
3 2
4 3
4 3
4 2
1 4
1 4
3 1
3 1
3 4
5 0
2 2 1 5 5 1 1 5 4 3 3 3 2 4 4 
15
1 6
2 6
3 1
3 2
3 6
1 3
5 3
5 3
5 1
1 5
1 5
1 5
2 1
2 1
2 1
5 0
5 2 5 3 1 4 5 2 1 4 2 4 1 3 3 
19
2 6
4 6
4 2
4 6
2 4
1 2
1 4
3 1
3 4
3 1
1 3
2 3
1 2
1 3
2 1
2 1
5 2
5 2
5 1
5 0
2 1 2 3 5 3 5 2 4 1 5 4 1 3 4 
22
1 6
3 1
3 6
1 3
1 3
1 6
2 1
5 2
5 1
2 5
2 5
2 1
4 2
3 4
3 2
5 3
5 2
5 3
3 5
4 5
4 3
4 5
5 0
1 2 3 5 4 5 2 5 4 3 3 2 1 1 4 
17
1 6
4 1
4 6
4 6
1 4
1 4
3 1
3 1
3 4
1 3
2 3
2 1
2 3
1 2
5 2
1 2
1 5
5 0
5 3 2 1 3 5 5 2 3 1 2 4 4 1 4 
20
1 6
3 1
3 6
4 3
4 6
4 3
1 4
1 4
2 1
2 4
2 1
1 2
3 2
5 1
5 2
5 3
1 5
3 5
3 5
3 1
5 0
2 1 2 4 1 1 3 5 4 2 3 5 4 5 3 
21
2 6
1 2
1 6
2 1
2 6
2 1
1 2
3 2
5 1
5 3
5 2
1 5
4 1
4 5
3 4
3 4
3 5
1 3
4 3
4 3
4 1
5 0
2 2 5 5 3 2 1 5 4 1 3 4 1 3 4 
20
1 6
3 1
3 6
2 3
2 3
2 6
1 2
4 2
5 2
5 1
5 4
1 5
3 5
4 1
4 5
4 3
1 4
3 4
3 1
3 4
5 0
5 4 2 3 3 5 4 3 5 1 1 4 2 1 2 
17
1 6
5 6
5 1
5 6
1 5
4 1
4 5
4 5
1 4
1 4
3 1
3 1
3 4
1 3
2 1
2 3
2 3
5 0
2 3 5 4 3 2 2 3 4 1 4 5 1 1 5 
20
1 6
4 6
5 6
5 1
5 4
1 5
4 5
4 1
4 5
1 4
3 4
2 1
2 3
2 4
3 2
1 3
1 2
3 1
3 2
3 1
5 0
2 1 3 2 5 2 4 1 5 5 4 4 3 1 3 
18
1 6
5 6
5 1
5 6
1 5
1 5
3 1
3 5
3 1
1 3
4 3
4 3
4 1
1 4
1 4
2 1
2 4
2 1
5 0
3 2 4 3 1 2 2 4 3 5 1 5 4 5 1 
24
1 6
3 1
3 6
5 3
5 3
5 6
2 5
1 2
1 5
3 1
3 1
3 5
1 3
2 1
2 3
4 2
4 3
4 2
2 4
1 2
1 4
2 1
2 4
2 1
5 0
5 3 4 1 1 5 2 5 3 2 4 3 2 4 1 
18
1 6
4 1
4 6
5 4
5 6
5 4
1 5
3 5
1 5
1 3
2 1
3 1
3 1
3 2
2 3
4 3
4 2
4 3
5 0
2 2 3 1 3 5 5 4 5 1 4 1 4 2 3 
19
1 6
5 6
2 1
2 6
2 5
1 2
3 2
3 1
3 2
1 3
4 1
4 3
5 4
5 4
5 3
1 5
4 1
4 5
4 5
5 0
1 3 4 2 5 3 2 1 3 4 5 1 4 5 2 
20
2 6
3 6
1 2
1 6
1 3
3 1
4 1
3 1
3 4
4 3
5 3
2 4
2 5
2 3
5 2
4 5
4 2
5 4
5 2
5 4
5 0
4 2 2 1 1 3 4 5 2 3 5 3 4 5 1 
18
1 6
3 6
1 6
1 3
2 1
4 1
4 2
4 1
2 4
3 2
3 4
5 3
5 4
5 3
2 5
3 5
3 2
3 5
5 0
1 4 5 4 3 3 5 1 2 2 2 1 3 5 4 
20
1 6
5 1
5 6
3 5
3 5
3 6
1 3
1 3
2 1
2 1
2 3
1 2
1 2
5 1
5 1
5 2
1 5
4 1
4 5
4 5
5 0
4 5 2 3 4 1 3 2 1 1 4 2 5 3 5 
21
1 6
4 6
3 1
3 6
3 4
1 3
2 3
4 1
4 2
4 3
1 4
5 1
5 4
2 5
2 5
2 4
1 2
1 2
5 1
5 1
5 2
5 0
5 4 3 5 3 1 2 3 5 2 4 1 4 1 2 
20
1 6
2 1
2 6
3 2
3 6
3 2
1 3
4 3
5 1
5 3
5 4
1 5
2 5
4 1
4 2
4 5
1 4
2 4
1 4
1 2
5 0
1 3 1 4 2 1 5 2 3 4 2 5 4 5 3 
20
1 6
2 6
1 2
1 6
2 1
3 1
5 1
5 2
5 3
2 5
4 5
3 2
3 4
3 5
4 3
2 4
2 3
4 2
4 3
4 2
5 0
5 1 4 5 1 3 2 2 2 1 4 3 3 5 4 
18
1 6
5 6
4 1
4 6
4 5
1 4
2 4
5 1
5 2
5 4
1 5
1 5
2 1
2 5
2 1
1 2
1 2
1 2
5 0
3 4 3 2 5 2 4 5 2 1 1 1 3 4 5 
17
2 6
3 6
2 3
2 6
3 2
5 2
3 2
3 5
4 3
4 3
4 3
5 4
1 5
1 4
5 1
5 4
5 1
5 0
1 5 1 3 2 4 2 2 5 5 3 4 3 4 1 
18
1 6
5 6
1 5
1 6
2 1
4 1
5 2
5 1
5 4
2 5
3 5
4 2
4 3
4 5
2 4
3 4
2 3
2 4
5 0
5 5 1 1 4 2 2 4 5 2 1 3 3 4 3 
18
1 6
4 1
4 6
2 4
2 4
2 6
1 2
5 2
5 1
5 2
1 5
4 5
3 1
3 5
3 4
1 3
1 3
1 3
5 0
1 2 4 2 4 3 5 5 3 4 2 1 1 3 5 
21
1 6
2 1
2 6
4 2
4 2
4 6
1 4
3 4
5 1
5 4
5 3
1 5
3 1
3 5
3 5
1 3
2 1
2 3
1 2
1 2
1 3
5 0
2 1 5 4 1 5 4 2 3 1 5 2 3 4 3 
21
1 6
2 6
4 1
4 6
4 2
1 4
3 1
3 4
1 3
1 3
1 4
2 1
3 1
2 1
2 3
3 2
5 3
5 2
3 5
3 5
3 2
5 0
4 4 5 1 3 5 5 1 2 2 2 3 4 1 3 
18
1 6
2 6
3 1
3 2
3 6
1 3
4 1
4 3
4 3
1 4
5 4
2 1
2 4
2 5
1 2
5 2
5 2
5 1
5 0
2 3 1 2 1 3 5 3 2 4 4 1 4 5 5 
18
1 6
4 6
2 1
2 6
2 4
1 2
1 2
3 1
3 2
3 1
1 3
5 3
5 3
5 1
1 5
4 1
4 5
4 5
5 0
3 4 1 3 2 5 1 5 2 4 3 5 1 2 4 
21
2 6
4 6
3 2
3 6
3 4
1 3
4 3
5 1
5 4
5 3
1 5
1 5
4 1
4 1
4 5
2 4
1 2
1 4
2 1
2 4
2 1
5 0
1 4 1 3 3 2 5 1 4 3 5 2 4 5 2 
21
1 6
3 1
3 6
1 3
1 3
1 6
2 1
4 1
5 1
5 2
5 4
2 5
4 2
4 5
3 4
3 4
3 5
2 3
4 3
4 3
4 2
5 0
2 2 1 2 3 5 4 1 3 5 3 4 5 1 4 
21
1 6
3 1
3 6
5 3
5 6
5 3
1 5
2 1
2 5
4 2
4 5
4 2
1 4
2 4
3 4
3 1
3 2
1 3
2 3
2 3
2 1
5 0
1 5 2 3 1 3 5 2 4 5 4 2 3 4 1 
22
1 6
4 6
3 1
3 6
3 4
1 3
4 1
4 3
5 4
5 3
5 4
1 5
1 5
4 1
4 1
4 5
1 4
2 1
2 4
1 2
1 2
1 4
5 0
1 5 2 2 3 5 4 1 1 3 3 2 4 4 5 
16
1 6
4 6
2 1
2 4
2 6
1 2
5 2
1 2
1 5
3 1
5 1
3 1
3 5
4 3
4 3
4 3
5 0
4 4 3 5 2 1 4 2 1 5 5 1 3 2 3 
18
1 6
5 6
5 1
5 6
1 5
2 1
2 5
3 2
3 5
3 2
1 3
4 3
2 1
2 3
2 4
1 2
1 2
1 2
5 0
2 1 1 3 5 3 2 4 2 5 3 1 4 5 4 
20
1 6
4 6
1 6
1 4
2 1
4 2
4 1
2 4
2 4
2 1
3 2
4 3
4 2
3 4
3 4
3 2
4 3
5 3
5 4
5 3
5 0
2 5 4 3 4 3 1 3 1 1 5 4 2 5 2 
19
1 6
4 6
2 1
2 6
2 4
1 2
4 2
3 1
3 2
3 4
1 3
4 3
4 1
4 3
1 4
1 4
5 1
5 4
5 1
5 0
1 4 3 3 5 2 2 4 2 1 3 5 4 5 1 
23
1 6
4 1
4 6
2 4
2 4
2 6
1 2
4 2
5 1
5 2
5 4
3 5
4 3
4 5
3 4
3 4
3 5
4 3
1 4
1 3
4 1
4 3
4 1
5 0
5 3 1 4 1 1 5 2 3 2 3 5 2 4 4 
18
1 6
2 6
2 6
2 1
1 2
5 2
5 2
5 1
1 5
3 1
3 5
4 3
4 3
4 5
1 4
3 4
1 4
1 3
5 0
5 4 2 1 3 4 2 5 1 4 1 2 3 3 5 
19
1 6
4 6
3 1
3 4
3 6
1 3
4 1
4 3
2 4
2 4
2 3
1 2
5 2
1 5
1 2
4 1
5 4
5 1
5 1
5 0
2 5 4 2 2 3 1 4 5 5 1 1 4 3 3 
20
1 6
3 1
3 6
5 3
5 3
5 6
1 5
1 5
4 1
4 1
4 5
1 4
1 4
3 1
3 1
3 4
1 3
2 3
1 3
1 2
5 0
5 3 4 2 4 3 1 5 2 5 4 2 3 1 1 
20
1 6
2 1
2 6
4 2
4 6
4 2
1 4
1 4
5 1
5 1
5 4
1 5
1 5
3 1
3 1
3 5
1 3
2 3
1 2
1 3
5 0
5 4 2 4 3 5 4 3 2 3 5 2 1 1 1 
18
1 6
3 6
4 6
4 1
4 3
1 4
2 4
1 2
1 4
3 1
2 3
2 1
3 2
3 1
3 2
2 3
2 3
2 3
5 0
4 3 2 1 3 5 4 5 5 1 1 3 2 2 4 
16
1 6
5 1
5 6
5 6
2 5
3 5
3 5
3 2
1 3
2 3
1 2
1 3
2 1
4 1
2 1
2 4
5 0
5 4 5 2 3 1 1 3 3 5 4 2 4 2 1 
19
2 6
5 6
3 2
3 5
3 6
2 3
5 3
2 3
2 5
4 2
5 2
5 2
5 4
4 5
1 4
1 5
4 1
4 5
4 1
5 0
4 5 4 2 5 3 2 5 2 4 1 3 1 1 3 
18
2 6
4 6
5 6
5 2
5 4
2 5
4 5
4 5
4 2
1 4
2 4
1 2
1 4
2 1
2 1
3 2
3 1
3 2
5 0
1 2 2 5 5 4 3 1 4 3 3 2 1 4 5 
16
1 6
4 6
1 6
1 4
2 1
3 1
5 2
5 1
5 3
2 5
2 5
2 5
3 2
4 2
3 2
3 4
5 0
1 5 3 2 1 1 5 4 5 4 3 4 2 3 2 
22
1 6
4 1
4 6
5 4
5 6
5 4
1 5
3 1
3 5
4 3
4 3
4 5
1 4
1 4
3 1
3 1
3 4
1 3
1 3
2 1
2 1
2 3
5 0
3 4 4 2 5 5 3 5 3 1 4 1 2 2 1 
18
1 6
1 6
4 1
4 6
4 1
1 4
5 4
1 4
1 5
2 1
2 1
3 2
3 1
3 2
2 3
5 3
2 3
2 5
5 0
5 4 1 4 2 1 3 2 2 5 4 3 1 5 3 
21
1 6
2 6
5 1
5 2
5 6
1 5
4 5
3 1
3 4
3 5
1 3
4 3
2 1
2 3
2 4
4 2
1 4
1 2
4 1
4 2
4 1
5 0
4 3 1 5 3 2 5 2 3 5 4 1 1 4 2 
20
1 6
4 6
5 1
5 4
5 6
1 5
2 5
3 1
3 5
3 2
1 3
1 3
2 1
2 3
2 1
1 2
1 2
4 1
4 1
4 2
5 0
1 1 2 3 2 4 1 3 5 5 2 4 4 5 3 
21
1 6
2 1
2 6
4 2
4 6
4 2
1 4
2 1
2 4
5 2
5 2
5 4
1 5
2 5
3 5
3 1
3 2
1 3
2 1
2 3
2 3
5 0
5 1 4 5 5 3 1 3 4 2 4 1 2 2 3 
19
1 6
3 6
4 1
4 6
4 3
1 4
1 4
3 1
3 1
3 4
1 3
2 3
5 3
5 1
5 2
1 5
2 5
1 5
1 2
5 0
3 2 1 3 1 3 5 4 4 4 5 1 5 2 2 
20
1 6
4 6
2 1
2 6
2 4
1 2
4 2
1 4
1 2
3 1
3 1
4 3
4 3
4 1
5 4
3 5
3 4
5 3
5 4
5 3
5 0
5 3 4 3 2 2 1 3 1 5 4 2 5 1 4 
19
1 6
5 6
4 1
4 6
4 5
1 4
2 4
2 4
2 1
1 2
1 2
3 1
3 2
3 1
1 3
1 3
5 1
5 3
5 1
5 0
2 1 2 5 4 3 5 1 5 3 4 2 4 1 3 
21
1 6
4 6
1 4
1 6
2 1
5 1
4 2
4 5
4 1
2 4
3 2
3 4
5 3
5 4
5 3
3 5
2 3
2 5
3 2
3 5
3 2
5 0
1 1 5 5 3 4 2 3 2 2 5 1 4 3 4 
20
1 6
4 1
4 6
2 4
2 4
2 6
1 2
1 2
1 2
4 1
3 4
3 1
5 3
5 1
5 3
3 5
3 5
4 3
4 5
4 3
5 0
4 2 5 2 3 5 5 1 1 3 4 3 4 2 1 
19
1 6
2 6
3 1
3 2
3 6
1 3
2 3
5 3
5 1
5 2
1 5
1 5
2 1
2 1
2 5
1 2
4 2
4 1
4 2
5 0
5 4 1 2 5 2 1 4 5 4 2 3 3 1 3 
20
1 6
5 1
5 6
3 5
3 5
3 6
1 3
4 3
5 1
5 4
5 3
1 5
1 5
4 1
4 1
4 5
1 4
2 4
2 1
2 4
5 0
3 3 5 5 5 4 2 2 1 4 1 4 1 2 3 
16
1 6
2 1
2 6
2 6
1 2
4 2
4 1
4 2
1 4
3 4
5 1
5 3
5 4
1 5
1 5
1 5
5 0
2 5 4 1 5 1 3 4 2 4 3 5 1 3 2 
22
1 6
3 1
3 6
4 3
4 3
4 6
1 4
5 4
1 5
1 4
3 1
5 3
5 1
3 5
3 5
3 1
5 3
2 5
2 3
5 2
5 3
5 2
5 0
1 2 3 1 5 4 2 5 3 5 2 1 3 4 4 
20
1 6
3 6
5 1
5 3
5 6
1 5
2 5
3 5
3 1
3 2
1 3
2 1
2 3
4 2
4 2
4 3
1 4
2 4
1 4
1 2
5 0
5 1 4 4 1 2 4 2 5 3 3 2 3 5 1 
20
2 6
4 6
3 2
3 6
3 4
1 3
4 3
2 1
2 4
2 3
1 2
5 1
5 2
1 5
1 5
1 2
4 1
5 1
5 1
5 4
5 0
4 5 2 1 2 4 1 4 3 2 3 5 3 1 5 
23
1 6
2 1
2 6
4 2
4 2
4 6
1 4
3 1
3 4
1 3
1 3
1 4
2 1
3 2
3 1
5 3
5 3
5 1
2 5
2 5
3 2
3 5
3 2
5 0
4 5 4 3 4 2 3 2 1 5 1 1 5 2 3 
21
1 6
2 1
2 6
1 2
1 2
1 6
3 1
4 1
4 1
4 3
2 4
3 4
5 2
5 3
5 4
3 5
2 3
2 5
3 2
3 5
3 2
5 0
4 2 3 1 2 5 1 5 3 4 1 4 2 5 3 
20
1 6
3 6
5 6
5 1
5 3
1 5
2 5
3 1
3 5
3 2
1 3
1 3
2 1
2 3
2 1
1 2
1 2
4 1
4 2
4 1
5 0
5 3 2 2 4 5 1 3 1 3 4 1 4 2 5 
20
1 6
5 1
5 6
2 5
2 5
2 6
1 2
5 1
5 2
1 5
1 5
1 2
3 1
4 1
3 4
3 1
4 3
5 3
4 5
4 3
5 0
1 2 1 2 5 5 4 3 3 4 4 2 1 3 5 
17
2 6
5 6
2 6
2 5
3 2
3 2
5 3
5 2
5 3
1 5
3 5
1 3
1 5
3 1
4 1
3 1
3 4
5 0
5 1 5 4 3 5 4 1 3 2 1 3 2 2 4 
19
1 6
2 6
1 2
1 6
2 1
3 2
3 1
4 3
4 1
4 3
2 4
2 4
3 2
3 4
3 2
2 3
5 3
2 5
2 3
5 0
2 1 4 2 1 2 4 5 5 4 3 5 3 3 1 
17
3 6
4 6
3 6
3 4
1 3
4 3
4 1
4 3
1 4
5 1
5 4
5 4
1 5
1 5
2 1
2 5
2 1
5 0
1 2 1 4 3 2 4 4 3 5 5 3 2 1 5 
18
1 6
5 1
5 6
1 5
1 5
1 6
2 1
5 1
5 2
5 1
2 5
4 2
4 5
4 5
2 4
3 4
2 4
2 3
5 0
3 3 4 5 1 1 3 2 5 1 5 2 2 4 4 
18
1 6
5 6
5 6
5 1
1 5
4 5
3 1
3 5
3 4
1 3
4 1
4 3
2 4
2 4
2 3
1 2
1 2
1 2
5 0
3 2 1 5 2 4 2 3 1 4 5 4 5 1 3 
21
1 6
3 6
5 1
5 6
5 3
1 5
3 1
3 5
1 3
1 3
1 5
2 1
4 1
4 2
4 1
2 4
3 2
3 4
2 3
2 3
2 4
5 0
1 2 2 5 5 4 1 4 3 2 4 3 1 5 3 
18
1 6
1 6
4 1
4 1
4 6
1 4
2 4
3 1
3 4
3 2
1 3
5 3
1 3
1 5
2 1
5 1
5 2
5 1
5 0
5 2 3 1 4 5 2 5 3 4 1 2 4 3 1 
22
1 6
3 6
5 1
5 6
5 3
1 5
4 1
4 5
2 4
2 4
2 5
1 2
1 2
3 1
3 1
3 2
1 3
4 1
4 3
1 4
1 4
1 3
5 0
4 4 3 1 2 4 5 1 3 2 3 1 2 5 5 
20
1 6
3 6
4 1
4 6
4 3
1 4
3 1
3 4
2 3
2 3
2 4
1 2
3 2
5 1
5 3
5 2
1 5
3 5
3 1
3 5
5 0
3 5 5 3 2 1 3 4 4 1 2 4 5 1 2 
20
1 6
1 6
5 1
5 1
5 6
1 5
2 5
4 1
4 2
4 5
1 4
3 4
3 4
3 1
2 3
1 2
1 3
2 1
2 3
2 1
5 0
4 3 5 5 4 1 3 2 1 5 1 2 3 4 2 
21
2 6
3 6
4 2
4 6
4 3
1 4
3 4
2 1
2 3
2 4
1 2
5 2
3 1
3 2
3 5
1 3
5 1
5 3
1 5
1 5
1 3
5 0
4 5 3 4 3 2 1 1 5 4 3 1 5 2 2 
18
1 6
2 1
2 6
4 2
4 6
4 2
1 4
5 4
5 4
5 1
1 5
3 5
1 5
1 3
2 1
3 1
2 3
2 1
5 0
4 1 3 2 5 4 2 4 5 2 1 1 3 5 3 
19
1 6
5 6
5 1
5 6
1 5
3 5
2 1
2 5
2 3
1 2
3 1
3 2
1 3
1 3
1 2
3 1
4 1
4 1
4 3
5 0
1 5 4 3 2 5 1 2 3 4 2 4 3 5 1 
19
1 6
4 6
4 1
4 6
1 4
2 1
2 4
3 2
3 4
3 2
1 3
1 3
5 1
5 3
5 1
1 5
2 1
2 5
2 5
5 0
4 4 1 1 5 2 3 5 3 2 2 4 1 5 3 
18
2 6
4 2
4 6
4 6
2 4
1 2
1 4
1 4
3 1
5 1
3 5
3 1
5 3
2 5
2 3
5 2
5 3
5 2
5 0
5 1 4 2 3 5 3 4 2 1 2 5 4 1 3 
22
1 6
3 1
3 6
5 3
5 3
5 6
1 5
4 1
4 5
2 4
2 4
2 5
1 2
4 1
4 2
1 4
1 4
1 2
3 1
4 1
4 3
4 1
5 0
1 2 1 3 3 1 2 5 5 4 4 4 2 3 5 
15
1 6
2 6
1 2
1 6
3 1
5 1
3 1
3 5
2 3
5 3
5 2
5 3
2 5
2 5
2 5
5 0
4 3 4 2 1 2 5 5 1 2 3 1 5 3 4 
17
1 6
5 6
1 5
1 6
3 1
4 1
2 3
2 1
2 4
3 2
4 2
4 3
4 2
3 4
5 4
5 4
5 3
5 0
5 5 1 4 3 4 3 3 5 2 1 4 2 2 1 
16
1 6
5 6
4 1
4 6
4 5
1 4
2 4
2 1
2 4
1 2
3 1
3 2
3 2
1 3
1 3
1 3
5 0
5 1 5 2 1 4 1 3 3 4 4 2 3 2 5 
19
1 6
5 6
1 5
1 6
2 1
4 2
4 1
4 1
2 4
5 2
5 4
2 5
2 5
2 4
3 2
3 2
5 3
5 3
5 2
5 0
3 1 2 2 5 5 3 3 4 1 5 4 1 4 2 
19
1 6
5 6
2 1
2 5
2 6
1 2
5 2
4 1
4 2
4 5
1 4
3 4
5 1
5 4
5 3
1 5
3 5
1 5
1 3
5 0
1 1 5 4 4 3 3 5 2 3 5 4 2 1 2 
17
1 6
3 1
3 6
4 3
4 6
4 3
1 4
5 4
5 1
5 4
1 5
1 5
1 5
2 1
3 1
3 2
3 1
5 0
1 3 2 5 3 5 2 4 3 4 4 5 1 2 1 
20
1 6
5 1
5 6
3 5
3 5
3 6
2 3
4 3
2 4
2 3
4 2
1 4
1 2
5 1
5 2
5 1
1 5
4 5
1 4
1 5
5 0
2 1 2 2 4 4 1 5 3 1 4 5 5 3 3 
23
2 6
2 6
4 2
4 6
4 2
2 4
1 2
1 4
3 1
3 1
3 4
1 3
2 1
2 3
5 2
5 2
5 3
2 5
1 2
1 5
2 1
2 5
2 1
5 0
2 1 5 2 3 1 3 2 5 5 4 4 4 1 3 
21
1 6
3 6
4 1
4 3
4 6
1 4
3 4
5 1
5 3
5 4
1 5
2 1
2 5
3 2
3 2
3 5
1 3
1 3
2 1
2 3
2 1
5 0
3 1 5 4 1 2 4 3 2 1 2 5 5 3 4 
20
1 6
4 6
5 1
5 4
5 6
2 5
3 5
4 2
4 5
4 3
2 4
3 2
3 4
1 3
1 3
1 4
2 1
3 1
2 1
2 3
5 0
5 1 3 3 1 2 3 1 5 2 4 2 4 4 5 
19
2 6
4 6
4 2
4 6
2 4
5 2
5 4
5 4
2 5
3 5
1 2
1 3
1 5
3 1
2 3
2 1
3 2
3 1
3 2
5 0
3 5 4 5 5 2 1 2 2 1 1 4 4 3 3 
17
1 6
4 6
5 1
5 4
5 6
1 5
4 5
1 4
1 5
2 1
3 1
3 1
3 2
2 3
4 2
4 3
4 3
5 0
2 5 3 4 3 1 1 4 3 5 2 1 4 5 2 
21
1 6
3 6
2 1
2 6
2 3
1 2
4 2
3 1
3 4
3 2
1 3
4 3
5 1
5 4
5 3
1 5
4 1
4 5
1 4
1 4
1 5
5 0
2 3 5 4 2 1 1 1 3 3 5 2 5 4 4 
21
1 6
4 1
4 6
5 4
5 4
5 6
1 5
2 1
2 5
1 2
1 2
1 5
2 1
3 1
4 2
4 3
4 1
2 4
3 4
2 3
2 4
5 0
5 4 1 2 2 3 3 4 1 2 5 5 4 1 3 
18
1 6
3 6
5 1
5 6
5 3
1 5
2 5
3 1
3 2
3 5
1 3
2 3
1 3
1 2
2 1
4 1
4 1
4 2
5 0
2 4 5 1 3 4 4 5 2 1 5 3 3 1 2 
21
1 6
3 1
3 6
4 3
4 6
4 3
1 4
5 4
1 5
1 4
2 1
5 1
3 2
3 5
3 1
2 3
5 2
5 3
2 5
2 5
2 3
5 0
4 4 2 1 5 3 5 1 3 3 4 2 5 2 1 
21
1 6
4 6
5 1
5 6
5 4
1 5
3 1
3 5
2 3
2 3
2 5
1 2
3 1
3 2
4 3
4 3
4 2
1 4
3 1
3 4
3 4
5 0
1 1 5 3 2 5 3 4 4 1 2 3 5 4 2 
19
1 6
2 6
5 1
5 2
5 6
1 5
2 1
2 5
4 2
4 5
4 2
1 4
3 4
3 4
3 1
1 3
2 1
2 3
2 3
5 0
1 2 3 3 4 2 5 3 1 4 5 4 2 5 1 
20
1 6
3 1
3 6
2 3
2 3
2 6
1 2
5 2
1 5
1 2
3 1
4 1
4 3
4 1
3 4
5 3
5 4
3 5
3 5
3 4
5 0
1 1 3 3 1 2 4 2 5 5 3 5 4 4 2 
18
1 6
4 1
4 6
2 4
2 4
2 6
1 2
3 2
4 1
4 3
4 2
1 4
1 4
1 4
3 1
5 1
3 1
3 5
5 0
3 2 4 4 1 4 2 3 3 2 5 5 1 1 5 
17
1 6
2 6
2 1
2 6
1 2
5 1
5 2
5 2
1 5
4 5
4 5
4 1
1 4
1 4
3 1
3 1
3 4
5 0
3 5 2 2 1 1 4 1 5 5 2 3 3 4 4 
21
1 6
4 1
4 6
2 4
2 4
2 6
3 2
1 3
1 2
4 1
4 1
4 2
1 4
1 4
3 1
3 4
3 1
1 3
5 3
5 3
5 1
5 0
1 5 5 4 1 2 3 2 5 1 3 3 2 4 4 
20
1 6
3 6
1 6
1 3
2 1
3 2
3 1
5 3
5 3
5 1
2 5
2 5
4 2
4 2
4 5
2 4
2 4
3 2
3 2
3 4
5 0
1 3 5 4 4 5 1 3 3 5 4 2 2 1 2 
18
1 6
2 6
4 1
4 2
4 6
1 4
5 4
5 1
5 4
2 5
2 5
2 5
3 2
1 3
1 2
3 1
3 2
3 1
5 0
1 1 4 3 5 1 3 4 5 4 3 2 2 5 2 
20
1 6
3 1
3 6
4 3
4 3
4 6
1 4
2 1
2 4
5 2
5 4
5 2
1 5
1 5
1 5
2 1
2 1
3 2
3 1
3 2
5 0
5 3 4 1 4 3 1 5 5 4 2 2 3 2 1 
20
1 6
2 1
2 6
4 2
4 2
4 6
1 4
1 4
5 1
5 1
5 4
1 5
2 5
2 5
2 1
1 2
1 2
3 1
3 1
3 2
