100
34432 9999920 222
3263 62970 1
8892 186601 5
9324 755359 1
3127 909969 3
7800 282033 2
7998 968182 1
701 837097 8
0 132 1
1616 875376 6
9352 507517 9
3976 759716 7
2791 674701 5
8229 384684 2
7243 39232 6
22322 22322 1
0 1000000000000000000 1000000000
6574 530230 2
9597 30751 2
9628 221919 9
4401 792858 5
1002 914907 8
2871 611476 1
2428 914457 2
258 978067 6
3725 832955 1
5230 55195 9
8129 512819 4
1000000000 1000000000000000000 1
5630 555906 6
3286 977701 4
5579 763362 2
646 753992 3
1813 539974 3
2590 45700 5
8439 865622 9
4131 988357 1
6916 519450 6
8145 485026 9
4017 755925 4
352 116029 3
490 499674 1
6673 645665 9
400 793131 4
7558 716225 8
4945 279540 7
121 121 11
6366 921028 2
5759 165757 6
21345 4441283 13
121 132 1
332 539995 7
100000 1000000000000000000 3
2228 961000 6
7597 115191 5
1363 123520 8
5649 246089 1
9523 81976 5
9151 163110 6
999 99999 78788
1329 665400 3
39 1000000 3
6311 744038 5
7075 952308 3
121 131 1
8135 346033 4
5272 393026 2
1108 708286 6
9385 146808 1
1516 476245 5
9325 343906 8
886 56750 8
2789 205886 5
1209 371972 7
2035 587687 6
3376 156586 6
3748 207521 4
4153 196591 1
4766 385349 3
2684 313879 3
4370 274443 1
3491 376189 1
0 100 2
8764 690922 4
2851 217912 4
9046 160519 7
2433 588437 7
10 22322 2
8621 305784 1
2965 769993 4
8989 909410 5
7977 626769 9
0 1000000000000000000 1
378 659223 5
6153 882984 8
9929 160753 4
2519 171840 3
8324 696474 7
9390 517315 4
1396 974496 5
